Время,Автомобилей,"Занятость, %","Ср.скорость, км/ч","85 процентиль, км/ч"
2023-03-20 10:00,93,15.36,31,35
2023-03-20 10:00,46,16.38,32,35
2023-03-20 09:55,38,73.73,17,24
2023-03-20 09:55,30,23.83,33,40
2023-03-20 09:50,144,30.80,25,31
2023-03-20 09:50,46,15.08,29,34
2023-03-20 09:45,Автомобилей,"Занятость, %","Ср.скорость, км/ч","85 процентиль, км/ч"
2023-03-20 09:45,32,35.56,34,38
2023-03-20 09:40,42,17.12,33,37
2023-03-20 09:40,37,12.13,29,33
2023-03-20 09:35,30,48.88,34,38
2023-03-20 09:30,69,25.46,32,36
2023-03-20 09:30,33,41.89,31,35
2023-03-20 09:25,39,53.73,17,22
2023-03-20 09:25,33,49.90,34,39
2023-03-20 09:20,107,31.67,29,35
2023-03-20 09:20,36,17.96,34,39
2023-03-20 09:15,Автомобилей,"Занятость, %","Ср.скорость, км/ч","85 процентиль, км/ч"
2023-03-20 09:15,24,43.78,35,39
2023-03-20 09:10,32,32.96,34,39
2023-03-20 09:10,25,7.36,28,32
2023-03-20 09:05,32,24.49,31,35
2023-03-20 09:00,66,16.09,33,39
2023-03-20 09:00,38,22.86,34,38
2023-03-20 08:55,43,75.07,19,30
2023-03-20 08:55,35,48.71,34,40
2023-03-20 08:50,141,23.71,27,34
2023-03-20 08:50,52,20.63,32,36
2023-03-20 08:45,Автомобилей,"Занятость, %","Ср.скорость, км/ч","85 процентиль, км/ч"
2023-03-20 08:45,32,10.87,33,37
2023-03-20 08:40,48,34.91,33,37
2023-03-20 08:40,43,10.41,32,37
2023-03-20 08:35,40,24.19,32,35
2023-03-20 08:30,96,14.22,32,36
2023-03-20 08:30,45,15.58,32,38
2023-03-20 08:25,45,63.15,16,24
2023-03-20 08:25,36,43.75,26,36
2023-03-20 08:20,141,34.43,28,33
2023-03-20 08:20,45,43.67,33,37
2023-03-20 08:15,Автомобилей,"Занятость, %","Ср.скорость, км/ч","85 процентиль, км/ч"
2023-03-20 08:15,36,30.81,31,35
2023-03-20 08:10,53,36.12,35,38
2023-03-20 08:10,71,12.56,31,35
2023-03-20 08:05,47,12.29,34,39
2023-03-20 08:00,79,22.11,34,38
2023-03-20 08:00,43,34.35,35,39
2023-03-20 07:55,35,37.29,20,31
2023-03-20 07:55,33,10.75,35,39
2023-03-20 07:50,126,26.56,27,34
2023-03-20 07:50,43,13.14,34,38
2023-03-20 07:45,Автомобилей,"Занятость, %","Ср.скорость, км/ч","85 процентиль, км/ч"
2023-03-20 07:45,37,15.05,34,37
2023-03-20 07:40,39,12.42,35,38
2023-03-20 07:40,46,11.98,29,36
2023-03-20 07:35,41,13.90,33,37
2023-03-20 07:30,92,23.03,32,38
2023-03-20 07:30,40,34.54,34,38
2023-03-20 07:25,28,47.31,18,28
2023-03-20 07:25,24,32.37,34,39
2023-03-20 07:20,91,27.28,27,34
2023-03-20 07:20,31,31.35,33,38
2023-03-20 07:15,Автомобилей,"Занятость, %","Ср.скорость, км/ч","85 процентиль, км/ч"
2023-03-20 07:15,20,43.70,37,40
2023-03-20 07:10,35,27.66,35,40
2023-03-20 07:10,41,10.92,31,37
2023-03-20 07:05,21,31.71,35,38
2023-03-20 07:00,70,10.41,34,38
2023-03-20 07:00,38,12.00,35,40
2023-03-20 06:55,17,43.61,16,29
2023-03-20 06:55,33,33.40,36,40
2023-03-20 06:50,86,30.54,29,37
2023-03-20 06:50,33,41.54,35,40
2023-03-20 06:45,Автомобилей,"Занятость, %","Ср.скорость, км/ч","85 процентиль, км/ч"
2023-03-20 06:45,22,32.22,33,39
2023-03-20 06:40,28,19.18,34,38
2023-03-20 06:40,27,7.24,35,41
2023-03-20 06:35,23,7.15,34,39
2023-03-20 06:30,40,22.06,35,39
2023-03-20 06:30,18,38.09,35,41
2023-03-20 06:25,16,13.60,13,20
2023-03-20 06:25,23,7.30,35,40
2023-03-20 06:20,53,13.34,28,36
2023-03-20 06:20,22,13.08,33,38
2023-03-20 06:15,Автомобилей,"Занятость, %","Ср.скорость, км/ч","85 процентиль, км/ч"
2023-03-20 06:15,12,23.40,32,35
2023-03-20 06:10,16,16.39,39,43
2023-03-20 06:10,20,6.58,28,37
2023-03-20 06:05,12,31.07,31,39
2023-03-20 06:00,20,12.05,36,37
2023-03-20 06:00,9,20.29,40,40
2023-03-20 05:55,4,14.19,15,30
2023-03-20 05:55,6,13.34,29,33
2023-03-20 05:50,25,11.40,25,32
2023-03-20 05:50,4,8.47,29,33
2023-03-20 05:45,Автомобилей,"Занятость, %","Ср.скорость, км/ч","85 процентиль, км/ч"
2023-03-20 05:45,6,18.14,34,39
2023-03-20 05:40,4,3.02,31,31
2023-03-20 05:40,13,3.58,28,36
2023-03-20 05:35,5,26.60,28,28
2023-03-20 05:30,7,1.75,16,20
2023-03-20 05:30,2,1.85,0,0
2023-03-20 05:25,5,17.71,16,29
2023-03-20 05:25,3,2.11,38,38
2023-03-20 05:20,21,2.49,20,22
2023-03-20 05:20,6,2.91,30,30
2023-03-20 05:15,Автомобилей,"Занятость, %","Ср.скорость, км/ч","85 процентиль, км/ч"
2023-03-20 05:15,0,0.87,0,0
2023-03-20 05:10,2,21.08,0,0
2023-03-20 05:10,7,1.33,30,30
2023-03-20 05:05,1,3.35,0,0
2023-03-20 05:00,6,0.83,15,15
2023-03-20 05:00,2,0.97,0,0
2023-03-20 04:55,3,11.80,15,17
2023-03-20 04:55,3,12.26,0,0
2023-03-20 04:50,11,7.67,12,14
2023-03-20 04:50,2,9.89,29,29
2023-03-20 04:45,Автомобилей,"Занятость, %","Ср.скорость, км/ч","85 процентиль, км/ч"
2023-03-20 04:45,2,9.38,0,0
2023-03-20 04:40,2,11.92,0,0
2023-03-20 04:40,6,1.58,33,40
2023-03-20 04:35,1,8.43,0,0
2023-03-20 04:30,6,8.12,14,15
2023-03-20 04:30,1,15.11,0,0
2023-03-20 04:25,0,16.50,0,0
2023-03-20 04:25,1,16.91,0,0
2023-03-20 04:20,8,1.03,23,24
2023-03-20 04:20,3,1.24,26,26
2023-03-20 04:15,Автомобилей,"Занятость, %","Ср.скорость, км/ч","85 процентиль, км/ч"
2023-03-20 04:15,1,1.10,24,24
2023-03-20 04:10,2,20.06,0,0
2023-03-20 04:10,4,1.16,36,36
2023-03-20 04:05,3,14.20,36,36
2023-03-20 04:00,7,1.12,27,28
2023-03-20 04:00,3,0.87,34,37
2023-03-20 03:55,4,2.92,9,16
2023-03-20 03:55,2,2.47,28,28
2023-03-20 03:50,6,10.45,14,15
2023-03-20 03:50,0,14.49,0,0
2023-03-20 03:45,Автомобилей,"Занятость, %","Ср.скорость, км/ч","85 процентиль, км/ч"
2023-03-20 03:45,1,0.84,0,0
2023-03-20 03:40,2,1.02,23,23
2023-03-20 03:40,2,0.86,40,40
2023-03-20 03:35,3,1.11,30,34
2023-03-20 03:30,4,0.78,33,35
2023-03-20 03:30,2,0.71,27,30
2023-03-20 03:25,0,0.07,0,0
2023-03-20 03:25,3,0.92,27,28
2023-03-20 03:20,5,0.69,18,23
2023-03-20 03:20,0,0.51,0,0
2023-03-20 03:15,Автомобилей,"Занятость, %","Ср.скорость, км/ч","85 процентиль, км/ч"
2023-03-20 03:15,0,5.99,0,0
2023-03-20 03:10,1,3.91,28,28
2023-03-20 03:10,2,3.38,0,0
2023-03-20 03:05,1,16.44,0,0
2023-03-20 03:00,4,0.62,13,13
2023-03-20 03:00,2,0.36,26,26
2023-03-20 02:55,1,0.79,16,16
2023-03-20 02:55,1,1.61,37,37
2023-03-20 02:50,5,1.98,18,24
2023-03-20 02:50,0,2.73,0,0
2023-03-20 02:45,Автомобилей,"Занятость, %","Ср.скорость, км/ч","85 процентиль, км/ч"
2023-03-20 02:45,1,2.48,0,0
2023-03-20 02:40,1,21.06,26,26
2023-03-20 02:40,3,0.83,30,30
2023-03-20 02:35,2,0.39,0,0
2023-03-20 02:30,10,19.61,13,14
2023-03-20 02:30,2,37.34,0,0
2023-03-20 02:25,2,0.86,20,31
2023-03-20 02:25,0,1.06,0,0
2023-03-20 02:20,13,3.63,8,11
2023-03-20 02:20,1,3.06,0,0
2023-03-20 02:15,Автомобилей,"Занятость, %","Ср.скорость, км/ч","85 процентиль, км/ч"
2023-03-20 02:15,0,0.33,0,0
2023-03-20 02:10,1,28.47,0,0
2023-03-20 02:10,6,1.52,30,30
2023-03-20 02:05,3,2.90,30,30
2023-03-20 02:00,4,11.43,16,17
2023-03-20 02:00,2,21.27,29,30
2023-03-20 01:55,3,10.53,20,31
2023-03-20 01:55,0,9.76,0,0
2023-03-20 01:50,13,1.69,20,22
2023-03-20 01:50,3,1.91,28,28
2023-03-20 01:45,Автомобилей,"Занятость, %","Ср.скорость, км/ч","85 процентиль, км/ч"
2023-03-20 01:45,2,13.69,26,26
2023-03-20 01:40,4,8.70,40,40
2023-03-20 01:40,6,2.53,33,34
2023-03-20 01:35,1,2.15,0,0
2023-03-20 01:30,7,8.29,20,20
2023-03-20 01:30,2,15.69,0,0
2023-03-20 01:25,6,45.22,18,32
2023-03-20 01:25,2,44.26,0,0
2023-03-20 01:20,13,9.54,24,28
2023-03-20 01:20,2,9.35,30,30
2023-03-20 01:15,Автомобилей,"Занятость, %","Ср.скорость, км/ч","85 процентиль, км/ч"
2023-03-20 01:15,3,12.43,30,30
2023-03-20 01:10,0,22.03,0,0
2023-03-20 01:10,5,1.58,27,32
2023-03-20 01:05,4,30.22,30,30
2023-03-20 01:00,8,3.08,15,15
2023-03-20 01:00,2,4.87,0,0
2023-03-20 00:55,8,23.58,14,23
2023-03-20 00:55,3,19.56,37,41
2023-03-20 00:50,14,15.53,29,35
2023-03-20 00:50,3,18.82,36,36
2023-03-20 00:45,Автомобилей,"Занятость, %","Ср.скорость, км/ч","85 процентиль, км/ч"
2023-03-20 00:45,5,22.66,32,39
2023-03-20 00:40,4,24.16,34,34
2023-03-20 00:40,10,2.62,26,28
2023-03-20 00:35,3,30.10,36,36
2023-03-20 00:30,13,6.75,30,35
2023-03-20 00:30,4,11.27,28,31
2023-03-20 00:25,5,1.72,21,27
2023-03-20 00:25,5,1.74,24,26
2023-03-20 00:20,18,10.99,29,33
2023-03-20 00:20,4,13.87,40,40
2023-03-20 00:15,Автомобилей,"Занятость, %","Ср.скорость, км/ч","85 процентиль, км/ч"
2023-03-20 00:15,1,30.66,22,22
2023-03-20 00:10,8,2.40,32,35
2023-03-20 00:10,6,1.94,36,36
2023-03-20 00:05,4,23.74,30,32
2023-03-20 00:00,17,38.93,27,29
2023-03-20 00:00,4,11.87,25,25
2023-03-19 23:55,11,24.21,20,29
2023-03-19 23:55,10,8.34,31,36
2023-03-19 23:50,30,12.24,24,29
2023-03-19 23:50,9,3.90,31,33
2023-03-19 23:45,Автомобилей,"Занятость, %","Ср.скорость, км/ч","85 процентиль, км/ч"
2023-03-19 23:45,9,5.98,31,36
2023-03-19 23:40,4,16.85,30,31
2023-03-19 23:40,12,5.39,31,34
2023-03-19 23:35,4,9.40,23,37
2023-03-19 23:30,15,3.61,28,28
2023-03-19 23:30,6,4.94,26,27
2023-03-19 23:25,12,26.17,13,21
2023-03-19 23:25,7,21.11,31,34
2023-03-19 23:20,32,11.25,27,32
2023-03-19 23:20,10,5.88,37,39
2023-03-19 23:15,Автомобилей,"Занятость, %","Ср.скорость, км/ч","85 процентиль, км/ч"
2023-03-19 23:15,6,19.32,26,32
2023-03-19 23:10,9,5.56,35,38
2023-03-19 23:10,22,5.12,32,37
2023-03-19 23:05,7,4.01,30,30
2023-03-19 23:00,14,8.78,32,34
2023-03-19 23:00,6,15.56,35,38
2023-03-19 22:55,14,27.44,20,35
2023-03-19 22:55,8,4.57,31,32
2023-03-19 22:50,38,7.62,25,33
2023-03-19 22:50,10,7.18,31,36
2023-03-19 22:45,Автомобилей,"Занятость, %","Ср.скорость, км/ч","85 процентиль, км/ч"
2023-03-19 22:45,17,6.60,32,35
2023-03-19 22:40,6,14.09,30,32
2023-03-19 22:40,11,2.97,31,37
2023-03-19 22:35,4,29.93,25,25
2023-03-19 22:30,29,12.64,32,39
2023-03-19 22:30,10,20.60,31,40
2023-03-19 22:25,25,34.69,20,28
2023-03-19 22:25,4,19.70,29,35
2023-03-19 22:20,31,18.25,29,35
2023-03-19 22:20,6,25.46,30,32
2023-03-19 22:15,Автомобилей,"Занятость, %","Ср.скорость, км/ч","85 процентиль, км/ч"
2023-03-19 22:15,14,22.99,30,36
2023-03-19 22:10,17,20.09,35,38
2023-03-19 22:10,22,5.84,32,39
2023-03-19 22:05,17,24.13,27,33
2023-03-19 22:00,32,9.11,29,32
2023-03-19 22:00,12,12.77,28,29
2023-03-19 21:55,21,57.50,18,24
2023-03-19 21:55,13,19.45,40,50
2023-03-19 21:50,56,16.65,26,32
2023-03-19 21:50,11,11.86,33,38
2023-03-19 21:45,Автомобилей,"Занятость, %","Ср.скорость, км/ч","85 процентиль, км/ч"
2023-03-19 21:45,13,29.00,31,37
2023-03-19 21:40,10,29.40,30,34
2023-03-19 21:40,21,6.91,30,33
2023-03-19 21:35,18,26.76,35,38
2023-03-19 21:30,51,20.99,31,35
2023-03-19 21:30,24,31.92,31,34
2023-03-19 21:25,54,54.46,17,21
2023-03-19 21:25,18,12.16,36,40
2023-03-19 21:20,55,22.74,27,33
2023-03-19 21:20,16,29.45,33,38
2023-03-19 21:15,Автомобилей,"Занятость, %","Ср.скорость, км/ч","85 процентиль, км/ч"
2023-03-19 21:15,15,21.79,29,33
2023-03-19 21:10,9,21.72,32,36
2023-03-19 21:10,17,5.94,29,33
2023-03-19 21:05,12,8.15,30,35
2023-03-19 21:00,34,9.40,31,35
2023-03-19 21:00,19,11.70,30,37
2023-03-19 20:55,30,24.21,23,33
2023-03-19 20:55,20,8.27,33,38
2023-03-19 20:50,68,23.09,25,30
2023-03-19 20:50,19,8.40,30,35
2023-03-19 20:45,Автомобилей,"Занятость, %","Ср.скорость, км/ч","85 процентиль, км/ч"
2023-03-19 20:45,14,21.08,30,34
2023-03-19 20:40,13,27.54,33,38
2023-03-19 20:40,19,6.92,30,33
2023-03-19 20:35,19,23.72,33,37
2023-03-19 20:30,56,27.21,31,35
2023-03-19 20:30,26,42.76,32,37
2023-03-19 20:25,24,39.21,15,28
2023-03-19 20:25,21,30.05,32,36
2023-03-19 20:20,103,19.51,28,34
2023-03-19 20:20,20,17.91,33,39
2023-03-19 20:15,Автомобилей,"Занятость, %","Ср.скорость, км/ч","85 процентиль, км/ч"
2023-03-19 20:15,22,61.76,32,35
2023-03-19 20:10,24,13.88,32,36
2023-03-19 20:10,30,52.80,28,32
2023-03-19 20:05,16,14.11,32,36
2023-03-19 20:00,37,18.41,33,39
2023-03-19 20:00,19,25.03,31,36
2023-03-19 19:55,42,55.71,15,20
2023-03-19 19:55,31,17.34,31,38
2023-03-19 19:50,77,39.95,29,35
2023-03-19 19:50,17,45.25,33,37
2023-03-19 19:45,Автомобилей,"Занятость, %","Ср.скорость, км/ч","85 процентиль, км/ч"
2023-03-19 19:45,16,61.32,35,39
2023-03-19 19:40,21,28.29,33,37
2023-03-19 19:40,28,12.25,33,37
2023-03-19 19:35,20,29.28,35,39
2023-03-19 19:30,35,19.83,32,37
2023-03-19 19:30,13,27.65,33,40
2023-03-19 19:25,23,51.65,20,27
2023-03-19 19:25,21,24.04,29,33
2023-03-19 19:20,76,29.91,26,32
2023-03-19 19:20,18,28.81,31,34
2023-03-19 19:15,Автомобилей,"Занятость, %","Ср.скорость, км/ч","85 процентиль, км/ч"
2023-03-19 19:15,21,46.29,31,35
2023-03-19 19:10,17,25.72,31,34
2023-03-19 19:10,32,7.24,30,35
2023-03-19 19:05,19,17.06,33,39
2023-03-19 19:00,52,21.35,31,34
2023-03-19 19:00,22,34.69,33,35
2023-03-19 18:55,38,60.17,20,30
2023-03-19 18:55,13,26.63,33,38
2023-03-19 18:50,94,20.85,25,30
2023-03-19 18:50,36,16.83,33,38
2023-03-19 18:45,Автомобилей,"Занятость, %","Ср.скорость, км/ч","85 процентиль, км/ч"
2023-03-19 18:45,31,37.37,34,39
2023-03-19 18:40,32,31.27,31,36
2023-03-19 18:40,31,9.77,32,36
2023-03-19 18:35,25,33.55,34,39
2023-03-19 18:30,51,60.09,34,39
2023-03-19 18:30,27,20.17,35,39
2023-03-19 18:25,36,60.36,21,32
2023-03-19 18:25,30,46.97,35,39
2023-03-19 18:20,93,76.21,27,33
2023-03-19 18:20,20,51.18,33,38
2023-03-19 18:15,Автомобилей,"Занятость, %","Ср.скорость, км/ч","85 процентиль, км/ч"
2023-03-19 18:15,23,49.99,34,37
2023-03-19 18:10,24,62.07,33,37
2023-03-19 18:10,26,100.00,33,38
2023-03-19 18:05,25,25.44,33,38
2023-03-19 18:00,66,14.45,31,37
2023-03-19 18:00,33,19.48,32,36
2023-03-19 17:55,46,62.48,18,27
2023-03-19 17:55,27,32.31,34,37
2023-03-19 17:50,126,31.04,27,32
2023-03-19 17:50,37,12.80,33,37
2023-03-19 17:45,Автомобилей,"Занятость, %","Ср.скорость, км/ч","85 процентиль, км/ч"
2023-03-19 17:45,22,48.55,34,42
2023-03-19 17:40,36,29.93,32,37
2023-03-19 17:40,35,11.55,33,40
2023-03-19 17:35,26,10.08,34,38
2023-03-19 17:30,59,59.59,34,40
2023-03-19 17:30,33,51.23,36,40
2023-03-19 17:25,29,28.93,21,32
2023-03-19 17:25,19,9.91,34,39
2023-03-19 17:20,82,34.12,28,35
2023-03-19 17:20,19,21.77,31,36
2023-03-19 17:15,Автомобилей,"Занятость, %","Ср.скорость, км/ч","85 процентиль, км/ч"
2023-03-19 17:15,32,30.97,32,36
2023-03-19 17:10,22,8.42,32,37
2023-03-19 17:10,21,20.93,31,37
2023-03-19 17:05,29,30.80,31,36
2023-03-19 17:00,66,34.17,34,38
2023-03-19 17:00,29,49.25,34,37
2023-03-19 16:55,55,52.97,20,29
2023-03-19 16:55,28,16.20,33,36
2023-03-19 16:50,97,38.56,27,33
2023-03-19 16:50,21,36.66,32,37
2023-03-19 16:45,Автомобилей,"Занятость, %","Ср.скорость, км/ч","85 процентиль, км/ч"
2023-03-19 16:45,25,39.45,32,35
2023-03-19 16:40,27,14.61,34,38
2023-03-19 16:40,28,57.79,34,37
2023-03-19 16:35,26,38.60,33,38
2023-03-19 16:30,46,38.83,32,37
2023-03-19 16:30,22,14.16,33,37
2023-03-19 16:25,39,47.44,17,25
2023-03-19 16:25,39,13.20,33,39
2023-03-19 16:20,102,22.36,28,36
2023-03-19 16:20,29,11.19,35,39
2023-03-19 16:15,Автомобилей,"Занятость, %","Ср.скорость, км/ч","85 процентиль, км/ч"
2023-03-19 16:15,34,16.34,34,37
2023-03-19 16:10,23,40.51,32,35
2023-03-19 16:10,32,8.16,31,35
2023-03-19 16:05,34,27.90,33,37
2023-03-19 16:00,42,6.76,35,39
2023-03-19 16:00,20,8.18,35,38
2023-03-19 15:55,44,69.44,16,24
2023-03-19 15:55,25,46.62,36,41
2023-03-19 15:50,123,51.69,26,32
2023-03-19 15:50,37,57.40,33,37
2023-03-19 15:45,Автомобилей,"Занятость, %","Ср.скорость, км/ч","85 процентиль, км/ч"
2023-03-19 15:45,30,15.01,34,42
2023-03-19 15:40,20,25.25,36,40
2023-03-19 15:40,46,45.22,34,39
2023-03-19 15:35,23,29.27,36,41
2023-03-19 15:30,51,7.49,31,36
2023-03-19 15:30,24,8.65,32,36
2023-03-19 15:25,26,51.44,19,35
2023-03-19 15:25,22,39.84,35,39
2023-03-19 15:20,102,32.67,27,34
2023-03-19 15:20,27,29.55,35,40
2023-03-19 15:15,Автомобилей,"Занятость, %","Ср.скорость, км/ч","85 процентиль, км/ч"
2023-03-19 15:15,24,28.62,35,42
2023-03-19 15:10,33,15.51,33,35
2023-03-19 15:10,29,9.03,35,43
2023-03-19 15:05,27,42.51,33,37
2023-03-19 15:00,66,48.87,33,36
2023-03-19 15:00,35,30.07,34,37
2023-03-19 14:55,50,39.42,14,20
2023-03-19 14:55,38,33.57,34,38
2023-03-19 14:50,97,52.71,28,33
2023-03-19 14:50,28,47.76,34,37
2023-03-19 14:45,Автомобилей,"Занятость, %","Ср.скорость, км/ч","85 процентиль, км/ч"
2023-03-19 14:45,35,62.56,37,40
2023-03-19 14:40,38,36.37,33,37
2023-03-19 14:40,40,61.78,30,34
2023-03-19 14:35,42,22.74,35,39
2023-03-19 14:30,51,35.37,33,39
2023-03-19 14:30,23,34.58,35,38
2023-03-19 14:25,35,50.73,19,29
2023-03-19 14:25,33,26.41,35,40
2023-03-19 14:20,80,30.84,28,34
2023-03-19 14:20,26,17.36,34,38
2023-03-19 14:15,Автомобилей,"Занятость, %","Ср.скорость, км/ч","85 процентиль, км/ч"
2023-03-19 14:15,35,47.33,33,38
2023-03-19 14:10,31,48.76,32,37
2023-03-19 14:10,23,22.62,32,37
2023-03-19 14:05,31,26.48,34,37
2023-03-19 14:00,59,27.42,35,40
2023-03-19 14:00,29,15.16,36,40
2023-03-19 13:55,42,59.76,19,27
2023-03-19 13:55,42,40.17,32,37
2023-03-19 13:50,112,44.86,26,31
2023-03-19 13:50,39,45.23,32,35
2023-03-19 13:45,Автомобилей,"Занятость, %","Ср.скорость, км/ч","85 процентиль, км/ч"
2023-03-19 13:45,33,29.60,34,37
2023-03-19 13:40,22,35.50,33,35
2023-03-19 13:40,20,46.00,32,36
2023-03-19 13:35,27,44.95,32,41
2023-03-19 13:30,52,48.80,32,38
2023-03-19 13:30,26,46.99,33,39
2023-03-19 13:25,43,57.94,20,28
2023-03-19 13:25,32,36.75,33,36
2023-03-19 13:20,125,56.58,27,33
2023-03-19 13:20,36,41.33,31,35
2023-03-19 13:15,Автомобилей,"Занятость, %","Ср.скорость, км/ч","85 процентиль, км/ч"
2023-03-19 13:15,34,52.95,34,39
2023-03-19 13:10,34,16.27,32,36
2023-03-19 13:10,34,36.55,29,34
2023-03-19 13:05,27,47.18,32,36
2023-03-19 13:00,54,23.94,31,36
2023-03-19 13:00,29,12.12,31,37
2023-03-19 12:55,56,51.01,18,27
2023-03-19 12:55,32,12.15,36,40
2023-03-19 12:50,88,33.86,30,35
2023-03-19 12:50,31,29.24,35,39
2023-03-19 12:45,Автомобилей,"Занятость, %","Ср.скорость, км/ч","85 процентиль, км/ч"
2023-03-19 12:45,32,13.66,33,35
2023-03-19 12:40,33,27.86,36,40
2023-03-19 12:40,36,27.15,32,36
2023-03-19 12:35,31,26.45,32,36
2023-03-19 12:30,52,39.81,31,37
2023-03-19 12:30,23,47.74,32,37
2023-03-19 12:25,36,53.82,17,28
2023-03-19 12:25,32,22.47,35,40
2023-03-19 12:20,86,33.29,28,34
2023-03-19 12:20,29,22.70,34,38
2023-03-19 12:15,Автомобилей,"Занятость, %","Ср.скорость, км/ч","85 процентиль, км/ч"
2023-03-19 12:15,28,11.81,35,39
2023-03-19 12:10,24,48.60,33,35
2023-03-19 12:10,22,17.37,33,39
2023-03-19 12:05,19,21.09,35,40
2023-03-19 12:00,56,11.78,32,37
2023-03-19 12:00,29,10.57,33,38
2023-03-19 11:55,39,74.54,20,28
2023-03-19 11:55,21,50.25,31,37
2023-03-19 11:50,95,33.52,26,32
2023-03-19 11:50,28,36.10,32,36
2023-03-19 11:45,Автомобилей,"Занятость, %","Ср.скорость, км/ч","85 процентиль, км/ч"
2023-03-19 11:45,31,29.07,32,36
2023-03-19 11:40,30,44.13,36,43
2023-03-19 11:40,30,7.23,34,38
2023-03-19 11:35,23,11.52,36,40
2023-03-19 11:30,57,10.69,31,35
2023-03-19 11:30,27,12.80,33,37
2023-03-19 11:25,31,61.48,21,33
2023-03-19 11:25,27,60.61,34,40
2023-03-19 11:20,76,36.45,28,33
2023-03-19 11:20,20,46.82,33,36
2023-03-19 11:15,Автомобилей,"Занятость, %","Ср.скорость, км/ч","85 процентиль, км/ч"
2023-03-19 11:15,18,28.13,35,39
2023-03-19 11:10,39,37.33,34,40
2023-03-19 11:10,34,58.43,32,36
2023-03-19 11:05,25,53.31,35,39
2023-03-19 11:00,68,31.43,32,36
2023-03-19 11:00,34,25.26,33,37
2023-03-19 10:55,39,59.43,19,27
2023-03-19 10:55,23,53.25,31,37
2023-03-19 10:50,74,26.88,29,36
2023-03-19 10:50,23,8.25,37,44
2023-03-19 10:45,Автомобилей,"Занятость, %","Ср.скорость, км/ч","85 процентиль, км/ч"
2023-03-19 10:45,23,38.72,33,38
2023-03-19 10:40,21,17.28,32,35
2023-03-19 10:40,23,41.34,34,38
2023-03-19 10:35,30,24.41,36,41
2023-03-19 10:30,48,29.77,33,38
2023-03-19 10:30,22,31.29,34,40
2023-03-19 10:25,20,34.70,12,18
2023-03-19 10:25,20,16.95,35,39
2023-03-19 10:20,78,38.86,28,33
2023-03-19 10:20,25,41.08,33,37
2023-03-19 10:15,Автомобилей,"Занятость, %","Ср.скорость, км/ч","85 процентиль, км/ч"
2023-03-19 10:15,28,36.81,32,35
2023-03-19 10:10,10,57.99,34,40
2023-03-19 10:10,23,17.34,36,42
2023-03-19 10:05,15,27.95,34,39
2023-03-19 10:00,47,44.69,26,30
2023-03-19 10:00,28,54.52,32,37
2023-03-19 09:55,26,52.56,15,23
2023-03-19 09:55,26,22.67,34,39
2023-03-19 09:50,94,31.71,25,31
2023-03-19 09:50,27,26.04,34,39
2023-03-19 09:45,Автомобилей,"Занятость, %","Ср.скорость, км/ч","85 процентиль, км/ч"
2023-03-19 09:45,22,8.29,33,38
2023-03-19 09:40,29,9.25,35,42
2023-03-19 09:40,20,21.50,34,42
2023-03-19 09:35,22,14.48,34,37
2023-03-19 09:30,51,11.04,33,38
2023-03-19 09:30,28,9.42,34,38
2023-03-19 09:25,17,31.40,16,26
2023-03-19 09:25,20,16.02,33,37
2023-03-19 09:20,64,25.72,29,37
2023-03-19 09:20,16,7.34,36,41
2023-03-19 09:15,Автомобилей,"Занятость, %","Ср.скорость, км/ч","85 процентиль, км/ч"
2023-03-19 09:15,18,6.87,35,39
2023-03-19 09:10,17,21.98,34,39
2023-03-19 09:10,31,39.62,33,39
2023-03-19 09:05,19,24.81,33,36
2023-03-19 09:00,32,12.97,32,38
2023-03-19 09:00,12,20.76,35,40
2023-03-19 08:55,18,26.11,12,21
2023-03-19 08:55,21,18.10,30,34
2023-03-19 08:50,63,41.83,26,32
2023-03-19 08:50,15,56.73,32,35
2023-03-19 08:45,Автомобилей,"Занятость, %","Ср.скорость, км/ч","85 процентиль, км/ч"
2023-03-19 08:45,27,10.69,35,39
2023-03-19 08:40,19,9.54,34,37
2023-03-19 08:40,20,4.73,34,41
2023-03-19 08:35,18,32.78,32,35
2023-03-19 08:30,31,24.64,35,43
2023-03-19 08:30,18,44.94,36,39
2023-03-19 08:25,13,54.15,12,18
2023-03-19 08:25,15,35.71,36,41
2023-03-19 08:20,43,28.08,30,39
2023-03-19 08:20,12,38.72,35,40
2023-03-19 08:15,Автомобилей,"Занятость, %","Ср.скорость, км/ч","85 процентиль, км/ч"
2023-03-19 08:15,15,5.83,34,39
2023-03-19 08:10,8,29.01,32,35
2023-03-19 08:10,11,2.59,34,40
2023-03-19 08:05,14,23.49,32,35
2023-03-19 08:00,16,3.58,34,38
2023-03-19 08:00,4,4.81,30,34
2023-03-19 07:55,12,50.35,10,16
2023-03-19 07:55,18,20.06,34,37
2023-03-19 07:50,24,21.79,28,36
2023-03-19 07:50,6,23.29,34,41
2023-03-19 07:45,Автомобилей,"Занятость, %","Ср.скорость, км/ч","85 процентиль, км/ч"
2023-03-19 07:45,6,21.66,32,36
2023-03-19 07:40,6,22.55,36,40
2023-03-19 07:40,16,3.46,37,45
2023-03-19 07:35,14,18.70,35,39
2023-03-19 07:30,25,7.80,33,37
2023-03-19 07:30,11,11.62,34,38
2023-03-19 07:25,18,36.98,13,23
2023-03-19 07:25,10,33.17,35,40
2023-03-19 07:20,35,26.94,27,33
2023-03-19 07:20,12,38.35,33,38
2023-03-19 07:15,Автомобилей,"Занятость, %","Ср.скорость, км/ч","85 процентиль, км/ч"
2023-03-19 07:15,14,18.29,34,39
2023-03-19 07:10,7,18.54,33,37
2023-03-19 07:10,11,2.64,34,40
2023-03-19 07:05,5,2.84,32,39
2023-03-19 07:00,15,2.65,32,36
2023-03-19 07:00,7,3.16,31,36
2023-03-19 06:55,8,17.61,16,31
2023-03-19 06:55,7,13.46,27,27
2023-03-19 06:50,24,27.36,27,33
2023-03-19 06:50,5,39.49,27,28
2023-03-19 06:45,Автомобилей,"Занятость, %","Ср.скорость, км/ч","85 процентиль, км/ч"
2023-03-19 06:45,6,1.58,33,40
2023-03-19 06:40,11,2.89,35,41
2023-03-19 06:40,9,2.78,38,46
2023-03-19 06:35,9,11.17,36,42
2023-03-19 06:30,14,29.18,36,45
2023-03-19 06:30,8,18.03,35,42
2023-03-19 06:25,2,14.46,8,11
2023-03-19 06:25,2,14.52,29,36
2023-03-19 06:20,23,14.51,25,33
2023-03-19 06:20,10,20.08,30,34
2023-03-19 06:15,Автомобилей,"Занятость, %","Ср.скорость, км/ч","85 процентиль, км/ч"
2023-03-19 06:15,4,1.38,28,28
2023-03-19 06:10,11,2.15,33,36
2023-03-19 06:10,5,2.04,29,33
2023-03-19 06:05,1,1.21,0,0
2023-03-19 06:00,6,13.29,13,13
2023-03-19 06:00,2,25.52,26,26
2023-03-19 05:55,6,8.95,18,30
2023-03-19 05:55,2,6.97,31,33
2023-03-19 05:50,10,1.68,30,34
2023-03-19 05:50,3,2.14,25,29
2023-03-19 05:45,Автомобилей,"Занятость, %","Ср.скорость, км/ч","85 процентиль, км/ч"
2023-03-19 05:45,0,13.70,0,0
2023-03-19 05:40,0,0.71,0,0
2023-03-19 05:40,4,0.69,26,26
2023-03-19 05:35,1,0.96,25,25
2023-03-19 05:30,7,6.57,37,42
2023-03-19 05:30,3,11.97,33,33
2023-03-19 05:25,5,11.73,20,34
2023-03-19 05:25,1,1.68,36,36
2023-03-19 05:20,18,15.57,26,29
2023-03-19 05:20,4,15.46,24,26
2023-03-19 05:15,Автомобилей,"Занятость, %","Ср.скорость, км/ч","85 процентиль, км/ч"
2023-03-19 05:15,1,1.04,33,33
2023-03-19 05:10,2,1.00,26,26
2023-03-19 05:10,2,0.54,35,37
2023-03-19 05:05,4,2.17,0,0
2023-03-19 05:00,6,1.63,17,19
2023-03-19 05:00,2,2.37,0,0
2023-03-19 04:55,5,3.11,15,28
2023-03-19 04:55,1,2.11,0,0
2023-03-19 04:50,8,1.79,10,13
2023-03-19 04:50,1,1.70,0,0
2023-03-19 04:45,Автомобилей,"Занятость, %","Ср.скорость, км/ч","85 процентиль, км/ч"
2023-03-19 04:45,3,1.42,0,0
2023-03-19 04:40,5,12.41,32,35
2023-03-19 04:40,7,1.98,0,0
2023-03-19 04:35,1,1.23,0,0
2023-03-19 04:30,12,17.47,34,35
2023-03-19 04:30,5,33.21,33,33
2023-03-19 04:25,4,24.56,9,17
2023-03-19 04:25,5,22.69,29,35
2023-03-19 04:20,9,9.24,28,34
2023-03-19 04:20,1,11.67,33,33
2023-03-19 04:15,Автомобилей,"Занятость, %","Ср.скорость, км/ч","85 процентиль, км/ч"
2023-03-19 04:15,2,21.93,40,40
2023-03-19 04:10,1,6.96,40,40
2023-03-19 04:10,6,1.47,40,40
2023-03-19 04:05,0,0.42,0,0
2023-03-19 04:00,9,1.34,31,33
2023-03-19 04:00,3,1.12,33,33
2023-03-19 03:55,3,4.04,34,59
2023-03-19 03:55,1,4.02,0,0
2023-03-19 03:50,9,5.25,18,25
2023-03-19 03:50,0,7.31,0,0
2023-03-19 03:45,Автомобилей,"Занятость, %","Ср.скорость, км/ч","85 процентиль, км/ч"
2023-03-19 03:45,3,13.79,29,29
2023-03-19 03:40,4,5.46,34,40
2023-03-19 03:40,4,1.30,26,29
2023-03-19 03:35,4,9.46,31,33
2023-03-19 03:30,8,1.04,15,18
2023-03-19 03:30,1,0.69,0,0
2023-03-19 03:25,0,0.00,0,0
2023-03-19 03:25,3,1.16,29,39
2023-03-19 03:20,13,2.26,11,14
2023-03-19 03:20,5,2.44,28,32
2023-03-19 03:15,Автомобилей,"Занятость, %","Ср.скорость, км/ч","85 процентиль, км/ч"
2023-03-19 03:15,2,8.22,36,37
2023-03-19 03:10,1,1.30,0,0
2023-03-19 03:10,5,1.13,33,43
2023-03-19 03:05,0,3.19,0,0
2023-03-19 03:00,7,16.53,19,22
2023-03-19 03:00,0,31.78,0,0
2023-03-19 02:55,8,27.55,18,30
2023-03-19 02:55,3,2.52,31,44
2023-03-19 02:50,14,10.26,28,32
2023-03-19 02:50,2,3.34,35,35
2023-03-19 02:45,Автомобилей,"Занятость, %","Ср.скорость, км/ч","85 процентиль, км/ч"
2023-03-19 02:45,2,3.76,0,0
2023-03-19 02:40,2,8.23,36,36
2023-03-19 02:40,2,0.37,38,41
2023-03-19 02:35,3,10.89,29,34
2023-03-19 02:30,6,10.65,27,27
2023-03-19 02:30,2,20.24,34,34
2023-03-19 02:25,5,29.50,6,11
2023-03-19 02:25,2,27.68,29,34
2023-03-19 02:20,16,10.54,28,44
2023-03-19 02:20,2,14.85,27,31
2023-03-19 02:15,Автомобилей,"Занятость, %","Ср.скорость, км/ч","85 процентиль, км/ч"
2023-03-19 02:15,1,7.61,26,26
2023-03-19 02:10,3,4.57,34,35
2023-03-19 02:10,6,4.61,33,33
2023-03-19 02:05,1,13.80,0,0
2023-03-19 02:00,12,6.99,29,31
2023-03-19 02:00,4,12.25,35,36
2023-03-19 01:55,15,23.75,13,19
2023-03-19 01:55,3,22.74,28,28
2023-03-19 01:50,3,0.22,10,10
2023-03-19 01:50,2,0.33,0,0
2023-03-19 01:45,Автомобилей,"Занятость, %","Ср.скорость, км/ч","85 процентиль, км/ч"
2023-03-19 01:45,5,39.32,37,42
2023-03-19 01:40,2,34.49,0,0
2023-03-19 01:40,8,1.51,30,34
2023-03-19 01:35,4,4.72,34,37
2023-03-19 01:30,8,2.97,33,37
2023-03-19 01:30,3,4.54,36,36
2023-03-19 01:25,4,19.15,13,20
2023-03-19 01:25,5,15.43,31,38
2023-03-19 01:20,21,18.53,25,31
2023-03-19 01:20,4,21.86,28,31
2023-03-19 01:15,Автомобилей,"Занятость, %","Ср.скорость, км/ч","85 процентиль, км/ч"
2023-03-19 01:15,3,9.43,29,34
2023-03-19 01:10,6,6.20,31,35
2023-03-19 01:10,5,6.39,31,34
2023-03-19 01:05,5,10.74,29,34
2023-03-19 01:00,16,25.34,31,34
2023-03-19 01:00,6,12.45,33,37
2023-03-19 00:55,5,27.43,22,34
2023-03-19 00:55,3,20.37,34,40
2023-03-19 00:50,31,17.62,32,39
2023-03-19 00:50,9,4.37,35,37
2023-03-19 00:45,Автомобилей,"Занятость, %","Ср.скорость, км/ч","85 процентиль, км/ч"
2023-03-19 00:45,5,14.59,33,36
2023-03-19 00:40,2,7.60,36,36
2023-03-19 00:40,6,1.85,36,36
2023-03-19 00:35,6,4.48,30,33
2023-03-19 00:30,13,4.53,34,36
2023-03-19 00:30,4,6.86,36,36
2023-03-19 00:25,9,3.30,24,33
2023-03-19 00:25,5,2.57,39,39
2023-03-19 00:20,29,16.84,26,35
2023-03-19 00:20,10,18.31,32,37
2023-03-19 00:15,Автомобилей,"Занятость, %","Ср.скорость, км/ч","85 процентиль, км/ч"
2023-03-19 00:15,7,5.54,27,28
2023-03-19 00:10,5,14.55,32,35
2023-03-19 00:10,13,3.53,34,39
2023-03-19 00:05,3,9.62,28,32
2023-03-19 00:00,19,16.16,33,39
2023-03-19 00:00,7,13.42,33,37
2023-03-18 23:55,11,30.24,20,28
2023-03-18 23:55,6,27.64,34,38
2023-03-18 23:50,31,32.96,20,31
2023-03-18 23:50,10,5.61,33,40
2023-03-18 23:45,Автомобилей,"Занятость, %","Ср.скорость, км/ч","85 процентиль, км/ч"
2023-03-18 23:45,9,6.60,33,35
2023-03-18 23:40,6,19.22,34,39
2023-03-18 23:40,8,45.20,26,31
2023-03-18 23:35,4,5.79,0,0
2023-03-18 23:30,20,18.64,31,36
2023-03-18 23:30,7,16.72,30,33
2023-03-18 23:25,21,49.43,15,24
2023-03-18 23:25,7,24.76,31,33
2023-03-18 23:20,37,29.82,29,34
2023-03-18 23:20,8,37.94,33,33
2023-03-18 23:15,Автомобилей,"Занятость, %","Ср.скорость, км/ч","85 процентиль, км/ч"
2023-03-18 23:15,12,34.00,34,36
2023-03-18 23:10,18,20.15,37,40
2023-03-18 23:10,14,5.48,27,34
2023-03-18 23:05,10,16.28,31,37
2023-03-18 23:00,22,23.03,30,34
2023-03-18 23:00,11,42.03,31,35
2023-03-18 22:55,16,41.69,14,22
2023-03-18 22:55,13,18.53,32,36
2023-03-18 22:50,37,19.66,30,38
2023-03-18 22:50,14,27.68,35,39
2023-03-18 22:45,Автомобилей,"Занятость, %","Ср.скорость, км/ч","85 процентиль, км/ч"
2023-03-18 22:45,15,17.09,35,40
2023-03-18 22:40,9,33.90,0,0
2023-03-18 22:40,15,3.97,32,37
2023-03-18 22:35,18,49.84,32,37
2023-03-18 22:30,29,16.09,32,36
2023-03-18 22:30,13,27.49,32,36
2023-03-18 22:25,18,37.96,18,27
2023-03-18 22:25,12,18.79,34,39
2023-03-18 22:20,58,32.53,28,34
2023-03-18 22:20,15,40.02,32,35
2023-03-18 22:15,Автомобилей,"Занятость, %","Ср.скорость, км/ч","85 процентиль, км/ч"
2023-03-18 22:15,15,39.85,31,36
2023-03-18 22:10,12,24.21,30,39
2023-03-18 22:10,12,4.29,31,36
2023-03-18 22:05,13,25.78,31,36
2023-03-18 22:00,31,23.53,35,39
2023-03-18 22:00,14,42.37,35,39
2023-03-18 21:55,31,20.64,15,21
2023-03-18 21:55,17,9.64,32,36
2023-03-18 21:50,46,26.77,26,34
2023-03-18 21:50,13,22.38,32,39
2023-03-18 21:45,Автомобилей,"Занятость, %","Ср.скорость, км/ч","85 процентиль, км/ч"
2023-03-18 21:45,16,25.58,28,33
2023-03-18 21:40,14,8.06,32,34
2023-03-18 21:40,14,25.77,34,40
2023-03-18 21:35,15,8.76,32,34
2023-03-18 21:30,38,27.37,31,38
2023-03-18 21:30,10,20.57,33,37
2023-03-18 21:25,24,25.93,21,34
2023-03-18 21:25,16,19.77,35,40
2023-03-18 21:20,52,31.60,25,32
2023-03-18 21:20,11,12.78,25,31
2023-03-18 21:15,Автомобилей,"Занятость, %","Ср.скорость, км/ч","85 процентиль, км/ч"
2023-03-18 21:15,17,32.13,33,36
2023-03-18 21:10,13,25.79,34,39
2023-03-18 21:10,22,42.74,30,35
2023-03-18 21:05,17,25.95,29,35
2023-03-18 21:00,47,51.85,31,36
2023-03-18 21:00,20,29.66,34,41
2023-03-18 20:55,36,46.87,19,29
2023-03-18 20:55,16,25.39,33,36
2023-03-18 20:50,66,41.24,26,33
2023-03-18 20:50,15,14.92,29,32
2023-03-18 20:45,Автомобилей,"Занятость, %","Ср.скорость, км/ч","85 процентиль, км/ч"
2023-03-18 20:45,15,41.67,31,35
2023-03-18 20:40,20,17.70,35,39
2023-03-18 20:40,18,60.78,27,31
2023-03-18 20:35,21,48.24,31,34
2023-03-18 20:30,35,21.63,30,35
2023-03-18 20:30,17,29.74,31,35
2023-03-18 20:25,34,46.39,25,34
2023-03-18 20:25,18,31.38,32,37
2023-03-18 20:20,92,48.37,27,32
2023-03-18 20:20,28,45.28,33,36
2023-03-18 20:15,Автомобилей,"Занятость, %","Ср.скорость, км/ч","85 процентиль, км/ч"
2023-03-18 20:15,32,31.37,31,35
2023-03-18 20:10,30,60.95,33,36
2023-03-18 20:10,29,72.20,32,36
2023-03-18 20:05,20,13.48,30,34
2023-03-18 20:00,45,56.36,32,35
2023-03-18 20:00,24,33.20,32,35
2023-03-18 19:55,64,42.71,20,29
2023-03-18 19:55,23,19.19,34,37
2023-03-18 19:50,70,47.76,28,34
2023-03-18 19:50,21,38.12,33,37
2023-03-18 19:45,Автомобилей,"Занятость, %","Ср.скорость, км/ч","85 процентиль, км/ч"
2023-03-18 19:45,19,14.81,30,34
2023-03-18 19:40,22,26.35,33,38
2023-03-18 19:40,28,8.23,30,33
2023-03-18 19:35,20,11.61,27,31
2023-03-18 19:30,46,10.22,30,36
2023-03-18 19:30,22,11.64,32,36
2023-03-18 19:25,29,47.49,15,18
2023-03-18 19:25,19,36.10,31,35
2023-03-18 19:20,99,37.31,27,33
2023-03-18 19:20,23,39.49,33,37
2023-03-18 19:15,Автомобилей,"Занятость, %","Ср.скорость, км/ч","85 процентиль, км/ч"
2023-03-18 19:15,26,32.38,34,37
2023-03-18 19:10,27,14.40,33,37
2023-03-18 19:10,27,64.32,31,37
2023-03-18 19:05,32,14.21,30,34
2023-03-18 19:00,57,13.54,30,34
2023-03-18 19:00,28,17.84,33,37
2023-03-18 18:55,22,58.51,19,26
2023-03-18 18:55,22,27.27,34,38
2023-03-18 18:50,76,38.88,27,33
2023-03-18 18:50,21,51.51,33,38
2023-03-18 18:45,Автомобилей,"Занятость, %","Ср.скорость, км/ч","85 процентиль, км/ч"
2023-03-18 18:45,17,12.07,33,37
2023-03-18 18:40,24,22.34,34,39
2023-03-18 18:40,31,8.91,32,36
2023-03-18 18:35,23,47.82,35,38
2023-03-18 18:30,64,17.70,32,39
2023-03-18 18:30,33,24.40,34,39
2023-03-18 18:25,41,57.65,18,26
2023-03-18 18:25,29,37.96,33,37
2023-03-18 18:20,84,31.30,29,36
2023-03-18 18:20,17,35.34,32,37
2023-03-18 18:15,Автомобилей,"Занятость, %","Ср.скорость, км/ч","85 процентиль, км/ч"
2023-03-18 18:15,27,26.49,33,36
2023-03-18 18:10,29,13.81,33,38
2023-03-18 18:10,26,7.96,33,41
2023-03-18 18:05,26,29.33,30,33
2023-03-18 18:00,58,10.66,34,40
2023-03-18 18:00,27,11.69,34,37
2023-03-18 17:55,40,57.44,17,25
2023-03-18 17:55,21,32.56,33,39
2023-03-18 17:50,107,24.05,29,34
2023-03-18 17:50,34,21.14,36,39
2023-03-18 17:45,Автомобилей,"Занятость, %","Ср.скорость, км/ч","85 процентиль, км/ч"
2023-03-18 17:45,17,61.10,34,39
2023-03-18 17:40,21,25.38,33,36
2023-03-18 17:40,24,6.43,31,35
2023-03-18 17:35,27,30.22,34,40
2023-03-18 17:30,53,23.38,34,39
2023-03-18 17:30,25,34.68,34,38
2023-03-18 17:25,71,65.58,20,29
2023-03-18 17:25,24,19.69,36,40
2023-03-18 17:20,106,31.79,29,38
2023-03-18 17:20,32,33.88,36,42
2023-03-18 17:15,Автомобилей,"Занятость, %","Ср.скорость, км/ч","85 процентиль, км/ч"
2023-03-18 17:15,16,9.44,36,38
2023-03-18 17:10,24,31.42,33,38
2023-03-18 17:10,25,6.88,34,40
2023-03-18 17:05,25,25.84,36,41
2023-03-18 17:00,79,22.31,33,37
2023-03-18 17:00,44,33.05,34,38
2023-03-18 16:55,47,44.43,20,30
2023-03-18 16:55,32,13.80,35,40
2023-03-18 16:50,93,38.64,28,33
2023-03-18 16:50,28,51.07,32,35
2023-03-18 16:45,Автомобилей,"Занятость, %","Ср.скорость, км/ч","85 процентиль, км/ч"
2023-03-18 16:45,24,37.14,32,37
2023-03-18 16:40,36,15.68,31,37
2023-03-18 16:40,34,52.76,29,36
2023-03-18 16:35,31,45.53,33,37
2023-03-18 16:30,56,41.42,33,36
2023-03-18 16:30,30,70.88,33,37
2023-03-18 16:25,40,60.69,16,25
2023-03-18 16:25,29,46.81,34,40
2023-03-18 16:20,114,39.65,26,31
2023-03-18 16:20,37,36.86,34,38
2023-03-18 16:15,Автомобилей,"Занятость, %","Ср.скорость, км/ч","85 процентиль, км/ч"
2023-03-18 16:15,38,37.25,34,37
2023-03-18 16:10,35,33.60,34,37
2023-03-18 16:10,41,43.59,28,36
2023-03-18 16:05,38,32.46,35,39
2023-03-18 16:00,49,61.87,31,35
2023-03-18 16:00,20,23.76,30,35
2023-03-18 15:55,38,69.51,16,24
2023-03-18 15:55,30,27.14,32,40
2023-03-18 15:50,120,42.87,28,34
2023-03-18 15:50,29,30.93,34,39
2023-03-18 15:45,Автомобилей,"Занятость, %","Ср.скорость, км/ч","85 процентиль, км/ч"
2023-03-18 15:45,35,14.92,31,36
2023-03-18 15:40,42,21.92,30,35
2023-03-18 15:40,58,15.93,29,34
2023-03-18 15:35,44,34.18,34,38
2023-03-18 15:30,74,67.03,33,37
2023-03-18 15:30,39,34.06,34,38
2023-03-18 15:25,43,61.93,16,24
2023-03-18 15:25,25,31.43,33,37
2023-03-18 15:20,92,67.98,28,34
2023-03-18 15:20,27,31.57,32,38
2023-03-18 15:15,Автомобилей,"Занятость, %","Ср.скорость, км/ч","85 процентиль, км/ч"
2023-03-18 15:15,35,48.18,33,37
2023-03-18 15:10,24,32.70,33,38
2023-03-18 15:10,25,6.57,31,36
2023-03-18 15:05,21,12.34,32,35
2023-03-18 15:00,43,23.80,34,39
2023-03-18 15:00,24,42.47,34,38
2023-03-18 14:55,37,39.23,19,31
2023-03-18 14:55,43,13.94,33,36
2023-03-18 14:50,127,27.72,26,31
2023-03-18 14:50,45,35.71,31,34
2023-03-18 14:45,Автомобилей,"Занятость, %","Ср.скорость, км/ч","85 процентиль, км/ч"
2023-03-18 14:45,37,66.34,32,35
2023-03-18 14:40,42,35.78,32,36
2023-03-18 14:40,32,12.21,31,35
2023-03-18 14:35,40,32.37,34,39
2023-03-18 14:30,62,27.21,30,34
2023-03-18 14:30,34,44.24,31,35
2023-03-18 14:25,49,55.65,14,22
2023-03-18 14:25,31,27.56,33,36
2023-03-18 14:20,123,40.13,28,35
2023-03-18 14:20,37,31.98,32,38
2023-03-18 14:15,Автомобилей,"Занятость, %","Ср.скорость, км/ч","85 процентиль, км/ч"
2023-03-18 14:15,29,30.12,35,40
2023-03-18 14:10,21,32.65,30,34
2023-03-18 14:10,22,6.95,30,38
2023-03-18 14:05,37,57.51,34,39
2023-03-18 14:00,89,19.18,34,39
2023-03-18 14:00,44,26.35,36,41
2023-03-18 13:55,66,71.86,18,26
2023-03-18 13:55,40,44.63,33,36
2023-03-18 13:50,155,41.28,26,32
2023-03-18 13:50,54,40.02,31,35
2023-03-18 13:45,Автомобилей,"Занятость, %","Ср.скорость, км/ч","85 процентиль, км/ч"
2023-03-18 13:45,44,48.88,32,35
2023-03-18 13:40,40,13.95,34,38
2023-03-18 13:40,36,12.70,31,45
2023-03-18 13:35,41,12.01,32,37
2023-03-18 13:30,63,29.16,31,35
2023-03-18 13:30,36,25.06,32,36
2023-03-18 13:25,48,70.84,16,24
2023-03-18 13:25,31,59.11,33,37
2023-03-18 13:20,89,69.08,26,32
2023-03-18 13:20,25,54.28,32,40
2023-03-18 13:15,Автомобилей,"Занятость, %","Ср.скорость, км/ч","85 процентиль, км/ч"
2023-03-18 13:15,34,50.94,33,38
2023-03-18 13:10,40,33.19,33,37
2023-03-18 13:10,46,38.52,29,34
2023-03-18 13:05,39,35.23,30,34
2023-03-18 13:00,54,25.14,29,35
2023-03-18 13:00,29,34.60,30,36
2023-03-18 12:55,52,56.67,18,27
2023-03-18 12:55,24,14.01,33,37
2023-03-18 12:50,131,28.49,26,32
2023-03-18 12:50,40,16.54,35,39
2023-03-18 12:45,Автомобилей,"Занятость, %","Ср.скорость, км/ч","85 процентиль, км/ч"
2023-03-18 12:45,37,43.41,34,37
2023-03-18 12:40,32,61.94,33,37
2023-03-18 12:40,34,10.23,29,36
2023-03-18 12:35,35,31.77,32,37
2023-03-18 12:30,82,19.07,33,39
2023-03-18 12:30,41,25.71,35,40
2023-03-18 12:25,37,72.49,16,24
2023-03-18 12:25,36,70.17,33,37
2023-03-18 12:20,132,38.24,27,33
2023-03-18 12:20,41,35.86,34,38
2023-03-18 12:15,Автомобилей,"Занятость, %","Ср.скорость, км/ч","85 процентиль, км/ч"
2023-03-18 12:15,45,47.33,32,36
2023-03-18 12:10,46,23.54,30,34
2023-03-18 12:10,43,97.90,30,34
2023-03-18 12:05,41,14.85,29,32
2023-03-18 12:00,62,65.07,32,36
2023-03-18 12:00,31,31.97,33,37
2023-03-18 11:55,38,51.59,18,26
2023-03-18 11:55,33,28.73,31,36
2023-03-18 11:50,113,34.12,27,33
2023-03-18 11:50,45,32.87,32,36
2023-03-18 11:45,Автомобилей,"Занятость, %","Ср.скорость, км/ч","85 процентиль, км/ч"
2023-03-18 11:45,32,41.45,34,38
2023-03-18 11:40,40,46.42,33,38
2023-03-18 11:40,40,12.30,30,34
2023-03-18 11:35,32,42.68,33,38
2023-03-18 11:30,78,16.79,33,38
2023-03-18 11:30,44,23.98,35,39
2023-03-18 11:25,26,47.78,15,26
2023-03-18 11:25,39,41.47,32,35
2023-03-18 11:20,88,30.25,29,36
2023-03-18 11:20,19,39.27,35,40
2023-03-18 11:15,Автомобилей,"Занятость, %","Ср.скорость, км/ч","85 процентиль, км/ч"
2023-03-18 11:15,24,39.54,34,39
2023-03-18 11:10,24,50.46,33,37
2023-03-18 11:10,28,7.87,32,38
2023-03-18 11:05,30,37.94,35,39
2023-03-18 11:00,54,11.07,32,36
2023-03-18 11:00,27,13.92,32,36
2023-03-18 10:55,44,67.32,18,26
2023-03-18 10:55,35,56.27,35,39
2023-03-18 10:50,106,43.28,28,34
2023-03-18 10:50,32,50.23,32,37
2023-03-18 10:45,Автомобилей,"Занятость, %","Ср.скорость, км/ч","85 процентиль, км/ч"
2023-03-18 10:45,28,41.40,32,36
2023-03-18 10:40,34,12.83,32,36
2023-03-18 10:40,34,9.14,32,37
2023-03-18 10:35,39,35.81,33,37
2023-03-18 10:30,58,24.90,33,38
2023-03-18 10:30,27,41.51,34,39
2023-03-18 10:25,45,46.87,19,28
2023-03-18 10:25,35,36.30,32,36
2023-03-18 10:20,111,28.67,29,35
2023-03-18 10:20,34,33.94,36,39
2023-03-18 10:15,Автомобилей,"Занятость, %","Ср.скорость, км/ч","85 процентиль, км/ч"
2023-03-18 10:15,31,42.14,35,39
2023-03-18 10:10,25,31.72,33,38
2023-03-18 10:10,21,6.49,33,38
2023-03-18 10:05,28,50.63,35,41
2023-03-18 10:00,70,28.69,32,36
2023-03-18 10:00,44,46.97,33,38
2023-03-18 09:55,43,47.39,21,30
2023-03-18 09:55,31,19.50,36,41
2023-03-18 09:50,156,29.77,29,36
2023-03-18 09:50,37,31.07,34,40
2023-03-18 09:45,Автомобилей,"Занятость, %","Ср.скорость, км/ч","85 процентиль, км/ч"
2023-03-18 09:45,39,37.87,33,37
2023-03-18 09:40,33,14.10,34,38
2023-03-18 09:40,36,9.19,30,39
2023-03-18 09:35,18,46.83,32,35
2023-03-18 09:30,52,14.47,33,38
2023-03-18 09:30,25,22.60,33,37
2023-03-18 09:25,47,67.45,19,28
2023-03-18 09:25,29,46.46,36,39
2023-03-18 09:20,115,36.41,26,31
2023-03-18 09:20,31,44.05,31,35
2023-03-18 09:15,Автомобилей,"Занятость, %","Ср.скорость, км/ч","85 процентиль, км/ч"
2023-03-18 09:15,26,52.93,31,34
2023-03-18 09:10,36,27.35,33,36
2023-03-18 09:10,29,8.25,33,36
2023-03-18 09:05,20,39.36,34,37
2023-03-18 09:00,75,19.93,33,36
2023-03-18 09:00,30,31.83,35,37
2023-03-18 08:55,35,24.57,20,33
2023-03-18 08:55,36,12.41,34,38
2023-03-18 08:50,86,28.20,28,36
2023-03-18 08:50,17,26.31,34,40
2023-03-18 08:45,Автомобилей,"Занятость, %","Ср.скорость, км/ч","85 процентиль, км/ч"
2023-03-18 08:45,32,14.60,35,41
2023-03-18 08:40,15,43.49,34,40
2023-03-18 08:40,26,5.58,32,35
2023-03-18 08:35,32,11.71,33,35
2023-03-18 08:30,56,8.14,33,39
2023-03-18 08:30,25,8.90,35,38
2023-03-18 08:25,26,24.65,13,21
2023-03-18 08:25,22,21.54,36,40
2023-03-18 08:20,51,27.22,27,34
2023-03-18 08:20,14,37.03,33,36
2023-03-18 08:15,Автомобилей,"Занятость, %","Ср.скорость, км/ч","85 процентиль, км/ч"
2023-03-18 08:15,29,12.81,35,41
2023-03-18 08:10,18,5.48,34,39
2023-03-18 08:10,22,5.73,32,37
2023-03-18 08:05,16,14.15,35,40
2023-03-18 08:00,28,17.49,32,36
2023-03-18 08:00,9,30.13,33,34
2023-03-18 07:55,14,38.42,19,33
2023-03-18 07:55,28,16.05,34,38
2023-03-18 07:50,57,33.88,30,38
2023-03-18 07:50,15,46.63,34,40
2023-03-18 07:45,Автомобилей,"Занятость, %","Ср.скорость, км/ч","85 процентиль, км/ч"
2023-03-18 07:45,18,39.11,37,41
2023-03-18 07:40,22,16.37,31,35
2023-03-18 07:40,19,5.89,32,39
2023-03-18 07:35,23,29.09,32,36
2023-03-18 07:30,38,16.20,33,37
2023-03-18 07:30,17,26.94,35,40
2023-03-18 07:25,12,33.10,17,32
2023-03-18 07:25,12,28.14,37,40
2023-03-18 07:20,52,23.56,27,33
2023-03-18 07:20,11,31.89,34,38
2023-03-18 07:15,Автомобилей,"Занятость, %","Ср.скорость, км/ч","85 процентиль, км/ч"
2023-03-18 07:15,11,6.64,36,41
2023-03-18 07:10,18,41.31,33,37
2023-03-18 07:10,24,6.26,34,38
2023-03-18 07:05,18,6.79,34,41
2023-03-18 07:00,27,10.60,35,41
2023-03-18 07:00,12,17.50,34,40
2023-03-18 06:55,21,50.84,16,31
2023-03-18 06:55,13,30.79,35,39
2023-03-18 06:50,48,7.58,29,36
2023-03-18 06:50,18,8.72,34,37
2023-03-18 06:45,Автомобилей,"Занятость, %","Ср.скорость, км/ч","85 процентиль, км/ч"
2023-03-18 06:45,19,50.97,31,35
2023-03-18 06:40,7,23.96,38,43
2023-03-18 06:40,12,3.66,31,36
2023-03-18 06:35,12,5.03,34,38
2023-03-18 06:30,28,14.00,34,39
2023-03-18 06:30,8,22.92,35,41
2023-03-18 06:25,10,11.22,13,25
2023-03-18 06:25,11,5.45,31,37
2023-03-18 06:20,30,12.94,30,38
2023-03-18 06:20,14,15.37,35,40
2023-03-18 06:15,Автомобилей,"Занятость, %","Ср.скорость, км/ч","85 процентиль, км/ч"
2023-03-18 06:15,8,6.29,30,36
2023-03-18 06:10,8,38.90,31,34
2023-03-18 06:10,13,3.52,28,33
2023-03-18 06:05,1,20.01,0,0
2023-03-18 06:00,19,6.99,32,39
2023-03-18 06:00,9,10.90,34,42
2023-03-18 05:55,6,22.28,16,30
2023-03-18 05:55,5,16.50,31,38
2023-03-18 05:50,17,23.95,32,36
2023-03-18 05:50,4,34.81,40,40
2023-03-18 05:45,Автомобилей,"Занятость, %","Ср.скорость, км/ч","85 процентиль, км/ч"
2023-03-18 05:45,2,1.46,33,33
2023-03-18 05:40,3,4.87,0,0
2023-03-18 05:40,10,3.05,35,37
2023-03-18 05:35,6,15.29,32,34
2023-03-18 05:30,11,1.86,17,17
2023-03-18 05:30,5,1.55,0,0
2023-03-18 05:25,4,11.90,17,30
2023-03-18 05:25,3,11.73,31,33
2023-03-18 05:20,16,3.13,29,33
2023-03-18 05:20,3,3.54,37,37
2023-03-18 05:15,Автомобилей,"Занятость, %","Ср.скорость, км/ч","85 процентиль, км/ч"
2023-03-18 05:15,3,14.56,29,31
2023-03-18 05:10,2,20.69,0,0
2023-03-18 05:10,4,1.37,27,32
2023-03-18 05:05,4,31.91,31,37
2023-03-18 05:00,6,5.63,17,22
2023-03-18 05:00,0,9.60,0,0
2023-03-18 04:55,5,19.16,16,31
2023-03-18 04:55,2,10.10,23,23
2023-03-18 04:50,4,2.42,0,0
2023-03-18 04:50,2,0.86,0,0
2023-03-18 04:45,Автомобилей,"Занятость, %","Ср.скорость, км/ч","85 процентиль, км/ч"
2023-03-18 04:45,6,26.18,33,38
2023-03-18 04:40,2,10.97,30,30
2023-03-18 04:40,11,2.25,26,30
2023-03-18 04:35,3,9.80,25,26
2023-03-18 04:30,10,3.74,30,31
2023-03-18 04:30,2,5.12,30,30
2023-03-18 04:25,4,8.07,33,37
2023-03-18 04:25,0,1.81,0,0
2023-03-18 04:20,9,7.37,14,18
2023-03-18 04:20,2,4.35,38,42
2023-03-18 04:15,Автомобилей,"Занятость, %","Ср.скорость, км/ч","85 процентиль, км/ч"
2023-03-18 04:15,1,1.60,30,30
2023-03-18 04:10,2,0.77,26,26
2023-03-18 04:10,4,0.87,29,32
2023-03-18 04:05,3,11.99,0,0
2023-03-18 04:00,7,4.99,30,36
2023-03-18 04:00,3,8.68,29,35
2023-03-18 03:55,2,11.71,17,21
2023-03-18 03:55,0,11.93,0,0
2023-03-18 03:50,14,6.74,20,21
2023-03-18 03:50,3,2.86,30,30
2023-03-18 03:45,Автомобилей,"Занятость, %","Ср.скорость, км/ч","85 процентиль, км/ч"
2023-03-18 03:45,2,15.36,35,36
2023-03-18 03:40,1,2.84,27,27
2023-03-18 03:40,1,0.54,28,28
2023-03-18 03:35,4,3.43,27,27
2023-03-18 03:30,4,0.90,16,16
2023-03-18 03:30,2,1.10,33,33
2023-03-18 03:25,5,5.59,17,28
2023-03-18 03:25,1,5.39,0,0
2023-03-18 03:20,10,1.97,21,29
2023-03-18 03:20,3,1.75,36,36
2023-03-18 03:15,Автомобилей,"Занятость, %","Ср.скорость, км/ч","85 процентиль, км/ч"
2023-03-18 03:15,2,10.12,36,41
2023-03-18 03:10,5,7.85,32,32
2023-03-18 03:10,7,3.05,27,32
2023-03-18 03:05,2,2.35,26,26
2023-03-18 03:00,11,7.16,30,36
2023-03-18 03:00,4,12.42,28,35
2023-03-18 02:55,8,21.38,20,34
2023-03-18 02:55,1,19.13,0,0
2023-03-18 02:50,11,7.90,20,24
2023-03-18 02:50,0,1.31,0,0
2023-03-18 02:45,Автомобилей,"Занятость, %","Ср.скорость, км/ч","85 процентиль, км/ч"
2023-03-18 02:45,1,1.28,28,28
2023-03-18 02:40,4,1.06,0,0
2023-03-18 02:40,2,0.64,0,0
2023-03-18 02:35,2,1.86,38,38
2023-03-18 02:30,6,8.89,18,18
2023-03-18 02:30,2,16.44,36,36
2023-03-18 02:25,4,9.98,30,45
2023-03-18 02:25,4,1.36,32,32
2023-03-18 02:20,18,10.04,17,20
2023-03-18 02:20,1,13.89,0,0
2023-03-18 02:15,Автомобилей,"Занятость, %","Ср.скорость, км/ч","85 процентиль, км/ч"
2023-03-18 02:15,7,12.17,31,35
2023-03-18 02:10,4,23.52,32,36
2023-03-18 02:10,8,1.92,30,39
2023-03-18 02:05,7,3.91,34,37
2023-03-18 02:00,9,9.52,37,42
2023-03-18 02:00,3,16.94,41,41
2023-03-18 01:55,5,24.30,7,17
2023-03-18 01:55,2,18.04,0,0
2023-03-18 01:50,20,9.46,26,36
2023-03-18 01:50,5,3.42,30,30
2023-03-18 01:45,Автомобилей,"Занятость, %","Ср.скорость, км/ч","85 процентиль, км/ч"
2023-03-18 01:45,8,11.70,34,42
2023-03-18 01:40,7,10.87,29,39
2023-03-18 01:40,7,2.26,24,29
2023-03-18 01:35,5,44.15,33,33
2023-03-18 01:30,6,2.38,38,42
2023-03-18 01:30,3,3.68,39,41
2023-03-18 01:25,6,19.18,20,26
2023-03-18 01:25,4,13.83,31,37
2023-03-18 01:20,24,20.91,26,30
2023-03-18 01:20,2,22.00,36,36
2023-03-18 01:15,Автомобилей,"Занятость, %","Ср.скорость, км/ч","85 процентиль, км/ч"
2023-03-18 01:15,6,20.27,35,40
2023-03-18 01:10,4,31.85,40,40
2023-03-18 01:10,9,2.23,26,26
2023-03-18 01:05,3,10.57,29,34
2023-03-18 01:00,13,12.73,35,40
2023-03-18 01:00,4,23.02,32,38
2023-03-18 00:55,8,20.11,17,26
2023-03-18 00:55,2,18.87,0,0
2023-03-18 00:50,13,12.12,26,30
2023-03-18 00:50,3,3.81,36,36
2023-03-18 00:45,Автомобилей,"Занятость, %","Ср.скорость, км/ч","85 процентиль, км/ч"
2023-03-18 00:45,7,21.05,33,38
2023-03-18 00:40,7,2.48,36,39
2023-03-18 00:40,6,2.10,32,36
2023-03-18 00:35,9,22.46,37,39
2023-03-18 00:30,17,3.51,39,41
2023-03-18 00:30,6,4.21,40,40
2023-03-18 00:25,11,22.25,24,43
2023-03-18 00:25,7,16.55,22,27
2023-03-18 00:20,21,19.37,28,36
2023-03-18 00:20,6,26.30,33,37
2023-03-18 00:15,Автомобилей,"Занятость, %","Ср.скорость, км/ч","85 процентиль, км/ч"
2023-03-18 00:15,7,10.12,31,33
2023-03-18 00:10,9,6.55,31,33
2023-03-18 00:10,12,3.55,37,43
2023-03-18 00:05,5,24.03,29,30
2023-03-18 00:00,14,57.81,15,19
2023-03-18 00:00,4,46.61,0,0
2023-03-17 23:55,13,35.25,14,22
2023-03-17 23:55,13,21.77,28,32
2023-03-17 23:50,36,33.11,26,32
2023-03-17 23:50,6,13.77,33,33
2023-03-17 23:45,Автомобилей,"Занятость, %","Ср.скорость, км/ч","85 процентиль, км/ч"
2023-03-17 23:45,10,16.48,33,41
2023-03-17 23:40,8,37.06,32,33
2023-03-17 23:40,18,15.63,31,39
2023-03-17 23:35,6,13.86,34,38
2023-03-17 23:30,27,21.44,30,34
2023-03-17 23:30,10,25.62,33,38
2023-03-17 23:25,17,40.99,24,34
2023-03-17 23:25,8,39.27,31,36
2023-03-17 23:20,47,18.15,28,37
2023-03-17 23:20,18,17.89,35,41
2023-03-17 23:15,Автомобилей,"Занятость, %","Ср.скорость, км/ч","85 процентиль, км/ч"
2023-03-17 23:15,11,22.32,34,43
2023-03-17 23:10,14,26.16,29,31
2023-03-17 23:10,25,22.65,33,36
2023-03-17 23:05,12,13.56,37,44
2023-03-17 23:00,23,42.90,32,38
2023-03-17 23:00,9,38.43,32,41
2023-03-17 22:55,8,24.05,16,26
2023-03-17 22:55,10,25.16,27,32
2023-03-17 22:50,38,13.99,28,34
2023-03-17 22:50,12,4.94,33,37
2023-03-17 22:45,Автомобилей,"Занятость, %","Ср.скорость, км/ч","85 процентиль, км/ч"
2023-03-17 22:45,4,5.92,31,31
2023-03-17 22:40,13,20.52,31,36
2023-03-17 22:40,21,5.56,31,37
2023-03-17 22:35,11,18.49,30,34
2023-03-17 22:30,30,20.64,32,37
2023-03-17 22:30,11,37.44,30,36
2023-03-17 22:25,22,50.45,18,30
2023-03-17 22:25,13,39.34,30,36
2023-03-17 22:20,66,24.35,27,35
2023-03-17 22:20,16,23.29,31,37
2023-03-17 22:15,Автомобилей,"Занятость, %","Ср.скорость, км/ч","85 процентиль, км/ч"
2023-03-17 22:15,17,8.36,31,35
2023-03-17 22:10,17,15.86,27,32
2023-03-17 22:10,18,59.73,27,34
2023-03-17 22:05,16,15.27,34,35
2023-03-17 22:00,40,36.93,30,34
2023-03-17 22:00,24,34.15,31,35
2023-03-17 21:55,28,37.63,17,28
2023-03-17 21:55,14,29.78,30,36
2023-03-17 21:50,53,37.42,26,34
2023-03-17 21:50,17,29.56,31,36
2023-03-17 21:45,Автомобилей,"Занятость, %","Ср.скорость, км/ч","85 процентиль, км/ч"
2023-03-17 21:45,15,22.97,32,39
2023-03-17 21:40,27,13.97,29,32
2023-03-17 21:40,30,49.69,29,33
2023-03-17 21:35,21,24.72,32,36
2023-03-17 21:30,25,45.91,31,36
2023-03-17 21:30,16,29.81,34,37
2023-03-17 21:25,36,57.46,18,26
2023-03-17 21:25,26,39.48,32,36
2023-03-17 21:20,88,42.34,28,34
2023-03-17 21:20,26,23.48,35,39
2023-03-17 21:15,Автомобилей,"Занятость, %","Ср.скорость, км/ч","85 процентиль, км/ч"
2023-03-17 21:15,16,21.96,31,34
2023-03-17 21:10,21,20.04,31,35
2023-03-17 21:10,27,47.81,27,36
2023-03-17 21:05,23,28.56,31,34
2023-03-17 21:00,45,48.94,31,35
2023-03-17 21:00,20,12.73,31,34
2023-03-17 20:55,42,54.79,18,26
2023-03-17 20:55,20,31.38,33,38
2023-03-17 20:50,82,46.63,30,37
2023-03-17 20:50,24,22.09,32,35
2023-03-17 20:45,Автомобилей,"Занятость, %","Ср.скорость, км/ч","85 процентиль, км/ч"
2023-03-17 20:45,30,55.63,31,34
2023-03-17 20:40,20,24.47,30,37
2023-03-17 20:40,32,87.44,27,32
2023-03-17 20:35,19,9.88,32,37
2023-03-17 20:30,54,53.74,30,37
2023-03-17 20:30,31,18.93,30,36
2023-03-17 20:25,37,52.26,11,18
2023-03-17 20:25,34,48.45,32,37
2023-03-17 20:20,89,57.17,25,32
2023-03-17 20:20,20,34.08,30,33
2023-03-17 20:15,Автомобилей,"Занятость, %","Ср.скорость, км/ч","85 процентиль, км/ч"
2023-03-17 20:15,37,24.09,31,35
2023-03-17 20:10,27,26.06,30,35
2023-03-17 20:10,48,89.13,30,34
2023-03-17 20:05,26,28.81,32,37
2023-03-17 20:00,59,48.84,29,34
2023-03-17 20:00,24,11.44,30,33
2023-03-17 19:55,67,60.49,23,32
2023-03-17 19:55,30,41.26,31,37
2023-03-17 19:50,88,58.29,26,31
2023-03-17 19:50,23,22.15,30,34
2023-03-17 19:45,Автомобилей,"Занятость, %","Ср.скорость, км/ч","85 процентиль, км/ч"
2023-03-17 19:45,31,31.21,32,36
2023-03-17 19:40,10,28.24,32,37
2023-03-17 19:40,20,73.76,34,40
2023-03-17 19:35,17,34.51,33,38
2023-03-17 19:30,47,63.47,32,42
2023-03-17 19:30,18,31.84,31,36
2023-03-17 19:25,50,50.46,15,19
2023-03-17 19:25,24,22.16,27,35
2023-03-17 19:20,107,63.83,27,34
2023-03-17 19:20,20,52.16,35,41
2023-03-17 19:15,Автомобилей,"Занятость, %","Ср.скорость, км/ч","85 процентиль, км/ч"
2023-03-17 19:15,40,19.54,28,36
2023-03-17 19:10,29,38.68,30,36
2023-03-17 19:10,36,65.14,27,33
2023-03-17 19:05,44,48.33,29,35
2023-03-17 19:00,58,33.29,31,36
2023-03-17 19:00,26,50.56,33,38
2023-03-17 18:55,41,45.51,15,25
2023-03-17 18:55,28,13.83,34,37
2023-03-17 18:50,84,27.22,28,35
2023-03-17 18:50,23,19.41,36,43
2023-03-17 18:45,Автомобилей,"Занятость, %","Ср.скорость, км/ч","85 процентиль, км/ч"
2023-03-17 18:45,25,31.08,34,37
2023-03-17 18:40,20,34.37,33,37
2023-03-17 18:40,20,7.40,35,41
2023-03-17 18:35,20,37.42,33,37
2023-03-17 18:30,41,22.33,30,35
2023-03-17 18:30,21,34.35,32,35
2023-03-17 18:25,48,46.35,18,26
2023-03-17 18:25,28,35.71,30,35
2023-03-17 18:20,105,25.72,28,33
2023-03-17 18:20,31,14.78,32,38
2023-03-17 18:15,Автомобилей,"Занятость, %","Ср.скорость, км/ч","85 процентиль, км/ч"
2023-03-17 18:15,46,40.30,33,37
2023-03-17 18:10,26,13.15,35,40
2023-03-17 18:10,26,29.58,32,39
2023-03-17 18:05,38,44.21,27,35
2023-03-17 18:00,40,24.37,32,39
2023-03-17 18:00,18,37.14,31,39
2023-03-17 17:55,54,24.09,20,29
2023-03-17 17:55,32,14.85,32,39
2023-03-17 17:50,74,42.09,29,36
2023-03-17 17:50,17,50.45,34,39
2023-03-17 17:45,Автомобилей,"Занятость, %","Ср.скорость, км/ч","85 процентиль, км/ч"
2023-03-17 17:45,31,13.34,30,36
2023-03-17 17:40,23,35.09,32,38
2023-03-17 17:40,24,6.64,29,36
2023-03-17 17:35,32,37.84,34,38
2023-03-17 17:30,34,6.54,35,41
2023-03-17 17:30,17,8.68,34,39
2023-03-17 17:25,54,66.30,20,29
2023-03-17 17:25,28,19.76,33,38
2023-03-17 17:20,97,32.20,28,35
2023-03-17 17:20,27,25.47,34,39
2023-03-17 17:15,Автомобилей,"Занятость, %","Ср.скорость, км/ч","85 процентиль, км/ч"
2023-03-17 17:15,46,15.98,32,37
2023-03-17 17:10,39,14.99,32,37
2023-03-17 17:10,35,18.70,35,42
2023-03-17 17:05,36,13.99,33,36
2023-03-17 17:00,54,21.01,33,38
2023-03-17 17:00,25,33.42,33,36
2023-03-17 16:55,56,71.67,18,27
2023-03-17 16:55,41,15.71,33,39
2023-03-17 16:50,92,31.79,30,36
2023-03-17 16:50,25,36.19,34,39
2023-03-17 16:45,Автомобилей,"Занятость, %","Ср.скорость, км/ч","85 процентиль, км/ч"
2023-03-17 16:45,34,39.44,33,39
2023-03-17 16:40,21,27.49,34,39
2023-03-17 16:40,31,18.36,30,37
2023-03-17 16:35,43,34.62,34,40
2023-03-17 16:30,67,51.17,31,39
2023-03-17 16:30,32,70.24,31,38
2023-03-17 16:25,55,46.40,19,27
2023-03-17 16:25,45,37.65,32,37
2023-03-17 16:20,119,39.50,28,35
2023-03-17 16:20,37,12.34,34,40
2023-03-17 16:15,Автомобилей,"Занятость, %","Ср.скорость, км/ч","85 процентиль, км/ч"
2023-03-17 16:15,43,38.99,32,37
2023-03-17 16:10,30,35.68,31,36
2023-03-17 16:10,36,13.84,33,40
2023-03-17 16:05,38,35.44,32,38
2023-03-17 16:00,45,43.11,29,35
2023-03-17 16:00,22,8.63,32,35
2023-03-17 15:55,52,62.06,19,28
2023-03-17 15:55,23,38.16,36,39
2023-03-17 15:50,97,69.79,27,34
2023-03-17 15:50,33,60.10,34,38
2023-03-17 15:45,Автомобилей,"Занятость, %","Ср.скорость, км/ч","85 процентиль, км/ч"
2023-03-17 15:45,25,28.11,33,36
2023-03-17 15:40,18,34.05,34,38
2023-03-17 15:40,18,11.17,33,37
2023-03-17 15:35,40,21.96,30,35
2023-03-17 15:30,88,52.44,29,35
2023-03-17 15:30,44,20.08,30,36
2023-03-17 15:25,34,76.37,14,22
2023-03-17 15:25,52,48.91,31,36
2023-03-17 15:20,112,68.24,28,33
2023-03-17 15:20,43,28.00,33,36
2023-03-17 15:15,Автомобилей,"Занятость, %","Ср.скорость, км/ч","85 процентиль, км/ч"
2023-03-17 15:15,36,22.30,35,40
2023-03-17 15:10,25,22.39,35,40
2023-03-17 15:10,31,100.00,31,38
2023-03-17 15:05,32,44.19,30,33
2023-03-17 15:00,79,63.73,33,38
2023-03-17 15:00,37,27.47,31,37
2023-03-17 14:55,47,74.87,19,25
2023-03-17 14:55,25,49.10,34,39
2023-03-17 14:50,103,62.05,28,34
2023-03-17 14:50,29,30.37,36,39
2023-03-17 14:45,Автомобилей,"Занятость, %","Ср.скорость, км/ч","85 процентиль, км/ч"
2023-03-17 14:45,42,15.77,30,35
2023-03-17 14:40,28,70.74,33,37
2023-03-17 14:40,31,99.95,31,37
2023-03-17 14:35,47,40.97,34,39
2023-03-17 14:30,73,58.15,31,36
2023-03-17 14:30,41,16.39,32,36
2023-03-17 14:25,47,33.56,14,22
2023-03-17 14:25,45,14.83,33,39
2023-03-17 14:20,119,73.00,27,34
2023-03-17 14:20,42,48.42,32,38
2023-03-17 14:15,Автомобилей,"Занятость, %","Ср.скорость, км/ч","85 процентиль, км/ч"
2023-03-17 14:15,43,21.81,34,38
2023-03-17 14:10,35,31.64,33,36
2023-03-17 14:10,29,100.00,33,37
2023-03-17 14:05,48,36.34,30,35
2023-03-17 14:00,70,67.97,32,37
2023-03-17 14:00,34,36.01,34,38
2023-03-17 13:55,52,37.13,18,26
2023-03-17 13:55,36,27.43,32,36
2023-03-17 13:50,119,67.77,27,31
2023-03-17 13:50,34,56.33,31,35
2023-03-17 13:45,Автомобилей,"Занятость, %","Ср.скорость, км/ч","85 процентиль, км/ч"
2023-03-17 13:45,33,23.60,31,37
2023-03-17 13:40,33,57.59,33,38
2023-03-17 13:40,29,96.27,29,34
2023-03-17 13:35,29,29.76,33,38
2023-03-17 13:30,63,60.84,33,37
2023-03-17 13:30,32,31.13,34,38
2023-03-17 13:25,49,37.85,16,23
2023-03-17 13:25,38,34.88,32,35
2023-03-17 13:20,115,48.00,25,32
2023-03-17 13:20,36,25.83,31,35
2023-03-17 13:15,Автомобилей,"Занятость, %","Ср.скорость, км/ч","85 процентиль, км/ч"
2023-03-17 13:15,48,36.07,30,35
2023-03-17 13:10,38,52.32,32,36
2023-03-17 13:10,38,70.09,30,36
2023-03-17 13:05,27,11.38,33,39
2023-03-17 13:00,50,63.63,32,39
2023-03-17 13:00,23,34.75,34,39
2023-03-17 12:55,46,75.25,18,25
2023-03-17 12:55,39,51.43,33,38
2023-03-17 12:50,98,67.00,27,33
2023-03-17 12:50,27,47.67,30,35
2023-03-17 12:45,Автомобилей,"Занятость, %","Ср.скорость, км/ч","85 процентиль, км/ч"
2023-03-17 12:45,32,51.82,32,38
2023-03-17 12:40,48,40.69,29,37
2023-03-17 12:40,35,42.01,25,40
2023-03-17 12:35,38,23.05,30,33
2023-03-17 12:30,60,43.87,33,37
2023-03-17 12:30,36,46.48,34,39
2023-03-17 12:25,42,65.64,17,24
2023-03-17 12:25,37,33.45,33,37
2023-03-17 12:20,112,58.36,26,33
2023-03-17 12:20,31,30.83,33,36
2023-03-17 12:15,Автомобилей,"Занятость, %","Ср.скорость, км/ч","85 процентиль, км/ч"
2023-03-17 12:15,34,28.41,34,38
2023-03-17 12:10,43,30.74,31,36
2023-03-17 12:10,30,45.62,23,34
2023-03-17 12:05,40,61.51,32,36
2023-03-17 12:00,58,29.50,29,35
2023-03-17 12:00,33,38.54,32,38
2023-03-17 11:55,33,67.17,17,25
2023-03-17 11:55,28,43.84,32,36
2023-03-17 11:50,79,42.62,27,34
2023-03-17 11:50,25,25.81,33,37
2023-03-17 11:45,Автомобилей,"Занятость, %","Ср.скорость, км/ч","85 процентиль, км/ч"
2023-03-17 11:45,36,51.33,33,39
2023-03-17 11:40,38,38.40,31,36
2023-03-17 11:40,35,33.09,32,42
2023-03-17 11:35,42,46.68,33,37
2023-03-17 11:30,91,51.67,32,36
2023-03-17 11:30,49,54.74,33,37
2023-03-17 11:25,47,54.10,17,23
2023-03-17 11:25,36,50.94,32,37
2023-03-17 11:20,116,21.88,25,31
2023-03-17 11:20,42,16.00,31,35
2023-03-17 11:15,Автомобилей,"Занятость, %","Ср.скорость, км/ч","85 процентиль, км/ч"
2023-03-17 11:15,36,52.94,31,36
2023-03-17 11:10,37,50.74,32,37
2023-03-17 11:10,39,13.79,30,38
2023-03-17 11:05,43,54.93,32,37
2023-03-17 11:00,62,26.06,31,35
2023-03-17 11:00,39,14.37,32,35
2023-03-17 10:55,46,61.86,16,24
2023-03-17 10:55,37,54.60,32,39
2023-03-17 10:50,126,33.15,27,33
2023-03-17 10:50,42,15.95,33,39
2023-03-17 10:45,Автомобилей,"Занятость, %","Ср.скорость, км/ч","85 процентиль, км/ч"
2023-03-17 10:45,21,50.99,31,37
2023-03-17 10:40,45,15.87,31,36
2023-03-17 10:40,32,21.00,28,33
2023-03-17 10:35,32,49.80,32,38
2023-03-17 10:30,61,22.84,33,38
2023-03-17 10:30,34,33.60,34,38
2023-03-17 10:25,47,48.07,16,25
2023-03-17 10:25,35,18.21,33,39
2023-03-17 10:20,114,45.16,27,32
2023-03-17 10:20,37,27.15,32,35
2023-03-17 10:15,Автомобилей,"Занятость, %","Ср.скорость, км/ч","85 процентиль, км/ч"
2023-03-17 10:15,32,36.79,31,34
2023-03-17 10:10,32,22.25,33,38
2023-03-17 10:10,28,44.94,31,36
2023-03-17 10:05,35,12.17,33,38
2023-03-17 10:00,112,46.27,31,35
2023-03-17 10:00,58,47.14,32,37
2023-03-17 09:55,43,72.51,17,23
2023-03-17 09:55,36,52.90,33,39
2023-03-17 09:50,138,50.54,27,33
2023-03-17 09:50,43,45.93,31,35
2023-03-17 09:45,Автомобилей,"Занятость, %","Ср.скорость, км/ч","85 процентиль, км/ч"
2023-03-17 09:45,47,38.28,32,37
2023-03-17 09:40,47,16.78,33,36
2023-03-17 09:40,51,34.81,30,35
2023-03-17 09:35,34,11.51,33,37
2023-03-17 09:30,69,39.05,32,37
2023-03-17 09:30,37,38.53,32,37
2023-03-17 09:25,43,52.84,17,26
2023-03-17 09:25,35,25.60,32,36
2023-03-17 09:20,123,60.60,28,34
2023-03-17 09:20,45,63.03,35,38
2023-03-17 09:15,Автомобилей,"Занятость, %","Ср.скорость, км/ч","85 процентиль, км/ч"
2023-03-17 09:15,38,11.94,33,37
2023-03-17 09:10,44,22.34,34,38
2023-03-17 09:10,29,30.69,30,38
2023-03-17 09:05,31,57.66,32,35
2023-03-17 09:00,75,34.28,31,36
2023-03-17 09:00,41,37.61,33,36
2023-03-17 08:55,44,62.02,15,22
2023-03-17 08:55,35,11.90,34,39
2023-03-17 08:50,139,28.24,29,35
2023-03-17 08:50,62,35.78,33,37
2023-03-17 08:45,Автомобилей,"Занятость, %","Ср.скорость, км/ч","85 процентиль, км/ч"
2023-03-17 08:45,45,35.90,33,37
2023-03-17 08:40,59,17.05,30,36
2023-03-17 08:40,55,15.06,30,34
2023-03-17 08:35,47,38.79,33,36
2023-03-17 08:30,99,14.38,32,37
2023-03-17 08:30,50,15.28,33,39
2023-03-17 08:25,43,43.32,19,27
2023-03-17 08:25,40,40.95,32,36
2023-03-17 08:20,167,43.55,26,30
2023-03-17 08:20,48,45.65,31,36
2023-03-17 08:15,Автомобилей,"Занятость, %","Ср.скорость, км/ч","85 процентиль, км/ч"
2023-03-17 08:15,36,33.16,33,36
2023-03-17 08:10,46,31.40,34,38
2023-03-17 08:10,37,10.16,32,37
2023-03-17 08:05,42,11.75,34,39
2023-03-17 08:00,97,24.99,32,38
2023-03-17 08:00,48,37.37,33,38
2023-03-17 07:55,40,76.54,16,24
2023-03-17 07:55,39,58.89,32,37
2023-03-17 07:50,110,21.26,26,32
2023-03-17 07:50,43,24.73,32,36
2023-03-17 07:45,Автомобилей,"Занятость, %","Ср.скорость, км/ч","85 процентиль, км/ч"
2023-03-17 07:45,29,16.57,32,37
2023-03-17 07:40,36,12.35,34,38
2023-03-17 07:40,40,11.34,31,37
2023-03-17 07:35,34,34.86,33,37
2023-03-17 07:30,68,26.63,32,37
2023-03-17 07:30,26,43.59,33,38
2023-03-17 07:25,24,67.51,14,26
2023-03-17 07:25,28,65.09,33,37
2023-03-17 07:20,110,22.32,29,36
2023-03-17 07:20,34,19.11,35,39
2023-03-17 07:15,Автомобилей,"Занятость, %","Ср.скорость, км/ч","85 процентиль, км/ч"
2023-03-17 07:15,29,45.86,33,38
2023-03-17 07:10,44,42.08,34,39
2023-03-17 07:10,50,13.20,32,36
2023-03-17 07:05,26,19.51,33,37
2023-03-17 07:00,55,24.42,34,38
2023-03-17 07:00,22,40.71,37,41
2023-03-17 06:55,22,35.54,18,29
2023-03-17 06:55,28,27.99,33,38
2023-03-17 06:50,89,27.80,29,37
2023-03-17 06:50,28,23.72,36,39
2023-03-17 06:45,Автомобилей,"Занятость, %","Ср.скорость, км/ч","85 процентиль, км/ч"
2023-03-17 06:45,24,27.54,33,37
2023-03-17 06:40,26,26.87,34,39
2023-03-17 06:40,27,8.22,31,37
2023-03-17 06:35,15,12.46,35,41
2023-03-17 06:30,50,25.24,34,38
2023-03-17 06:30,20,42.61,36,39
2023-03-17 06:25,9,36.74,13,17
2023-03-17 06:25,24,33.25,33,39
2023-03-17 06:20,39,9.37,23,27
2023-03-17 06:20,15,12.76,33,39
2023-03-17 06:15,Автомобилей,"Занятость, %","Ср.скорость, км/ч","85 процентиль, км/ч"
2023-03-17 06:15,15,30.13,32,35
2023-03-17 06:10,16,28.15,33,38
2023-03-17 06:10,14,5.20,31,35
2023-03-17 06:05,10,4.57,33,39
2023-03-17 06:00,18,3.70,34,39
2023-03-17 06:00,7,4.28,33,37
2023-03-17 05:55,1,7.13,0,0
2023-03-17 05:55,5,2.57,23,23
2023-03-17 05:50,15,10.18,31,32
2023-03-17 05:50,3,14.50,28,28
2023-03-17 05:45,Автомобилей,"Занятость, %","Ср.скорость, км/ч","85 процентиль, км/ч"
2023-03-17 05:45,9,14.56,30,35
2023-03-17 05:40,2,17.49,33,33
2023-03-17 05:40,11,3.46,30,32
2023-03-17 05:35,3,1.78,33,33
2023-03-17 05:30,6,10.93,20,20
2023-03-17 05:30,2,20.68,0,0
2023-03-17 05:25,1,5.77,0,0
2023-03-17 05:25,3,6.89,0,0
2023-03-17 05:20,22,10.37,15,20
2023-03-17 05:20,4,11.70,0,0
2023-03-17 05:15,Автомобилей,"Занятость, %","Ср.скорость, км/ч","85 процентиль, км/ч"
2023-03-17 05:15,3,18.31,26,26
2023-03-17 05:10,6,9.90,32,35
2023-03-17 05:10,7,2.62,29,31
2023-03-17 05:05,1,1.73,0,0
2023-03-17 05:00,5,1.36,22,28
2023-03-17 05:00,0,1.53,0,0
2023-03-17 04:55,5,11.42,19,27
2023-03-17 04:55,3,2.27,20,20
2023-03-17 04:50,12,2.40,21,22
2023-03-17 04:50,2,3.05,0,0
2023-03-17 04:45,Автомобилей,"Занятость, %","Ср.скорость, км/ч","85 процентиль, км/ч"
2023-03-17 04:45,2,5.56,0,0
2023-03-17 04:40,0,0.63,0,0
2023-03-17 04:40,5,1.29,25,29
2023-03-17 04:35,2,1.03,36,42
2023-03-17 04:30,4,2.39,14,15
2023-03-17 04:30,2,3.90,29,30
2023-03-17 04:25,2,7.66,15,22
2023-03-17 04:25,0,7.49,0,0
2023-03-17 04:20,7,7.43,25,25
2023-03-17 04:20,3,1.79,36,36
2023-03-17 04:15,Автомобилей,"Занятость, %","Ср.скорость, км/ч","85 процентиль, км/ч"
2023-03-17 04:15,0,0.60,0,0
2023-03-17 04:10,2,0.81,0,0
2023-03-17 04:10,6,2.23,26,26
2023-03-17 04:05,2,1.61,40,40
2023-03-17 04:00,4,1.06,0,0
2023-03-17 04:00,2,1.39,0,0
2023-03-17 03:55,0,0.07,0,0
2023-03-17 03:55,3,0.95,40,40
2023-03-17 03:50,10,0.93,11,13
2023-03-17 03:50,1,0.92,0,0
2023-03-17 03:45,Автомобилей,"Занятость, %","Ср.скорость, км/ч","85 процентиль, км/ч"
2023-03-17 03:45,0,0.43,0,0
2023-03-17 03:40,1,0.83,33,33
2023-03-17 03:40,5,1.58,30,33
2023-03-17 03:35,2,1.04,30,33
2023-03-17 03:30,4,7.31,12,14
2023-03-17 03:30,1,13.42,0,0
2023-03-17 03:25,1,0.80,0,0
2023-03-17 03:25,0,0.87,0,0
2023-03-17 03:20,7,0.80,23,26
2023-03-17 03:20,1,0.81,32,32
2023-03-17 03:15,Автомобилей,"Занятость, %","Ср.скорость, км/ч","85 процентиль, км/ч"
2023-03-17 03:15,1,0.83,36,36
2023-03-17 03:10,2,0.87,28,28
2023-03-17 03:10,13,99.33,24,24
2023-03-17 03:05,2,4.61,28,28
2023-03-17 03:00,5,0.91,34,38
2023-03-17 03:00,1,0.79,36,36
2023-03-17 02:55,3,20.00,0,0
2023-03-17 02:55,1,19.14,0,0
2023-03-17 02:50,4,1.37,14,14
2023-03-17 02:50,0,0.82,0,0
2023-03-17 02:45,Автомобилей,"Занятость, %","Ср.скорость, км/ч","85 процентиль, км/ч"
2023-03-17 02:45,3,2.14,32,32
2023-03-17 02:40,2,0.70,31,33
2023-03-17 02:40,2,0.67,28,28
2023-03-17 02:35,2,3.28,28,28
2023-03-17 02:30,7,0.85,39,45
2023-03-17 02:30,3,0.76,40,40
2023-03-17 02:25,3,1.69,16,16
2023-03-17 02:25,2,1.86,40,40
2023-03-17 02:20,5,2.61,4,4
2023-03-17 02:20,0,1.06,0,0
2023-03-17 02:15,Автомобилей,"Занятость, %","Ср.скорость, км/ч","85 процентиль, км/ч"
2023-03-17 02:15,2,1.27,34,37
2023-03-17 02:10,2,3.67,33,33
2023-03-17 02:10,8,1.86,29,33
2023-03-17 02:05,2,18.30,31,34
2023-03-17 02:00,3,17.23,31,37
2023-03-17 02:00,1,33.66,30,30
2023-03-17 01:55,2,18.88,0,0
2023-03-17 01:55,2,14.76,36,36
2023-03-17 01:50,17,3.13,29,31
2023-03-17 01:50,2,2.01,33,33
2023-03-17 01:45,Автомобилей,"Занятость, %","Ср.скорость, км/ч","85 процентиль, км/ч"
2023-03-17 01:45,0,0.64,0,0
2023-03-17 01:40,3,1.36,33,36
2023-03-17 01:40,5,1.38,42,47
2023-03-17 01:35,1,18.30,0,0
2023-03-17 01:30,12,2.98,18,18
2023-03-17 01:30,4,4.28,0,0
2023-03-17 01:25,7,4.10,20,20
2023-03-17 01:25,5,3.55,34,38
2023-03-17 01:20,9,9.47,21,23
2023-03-17 01:20,5,13.77,31,37
2023-03-17 01:15,Автомобилей,"Занятость, %","Ср.скорость, км/ч","85 процентиль, км/ч"
2023-03-17 01:15,2,6.20,34,37
2023-03-17 01:10,6,3.51,36,39
2023-03-17 01:10,9,2.20,33,41
2023-03-17 01:05,5,2.18,34,35
2023-03-17 01:00,6,1.46,30,33
2023-03-17 01:00,3,1.47,27,29
2023-03-17 00:55,6,8.41,0,0
2023-03-17 00:55,2,7.90,36,50
2023-03-17 00:50,15,8.24,27,28
2023-03-17 00:50,3,10.96,36,36
2023-03-17 00:45,Автомобилей,"Занятость, %","Ср.скорость, км/ч","85 процентиль, км/ч"
2023-03-17 00:45,3,5.90,30,35
2023-03-17 00:40,7,17.63,34,38
2023-03-17 00:40,6,2.74,30,34
2023-03-17 00:35,4,8.54,27,36
2023-03-17 00:30,14,3.95,34,41
2023-03-17 00:30,5,4.63,39,47
2023-03-17 00:25,9,18.66,0,0
2023-03-17 00:25,3,14.33,32,35
2023-03-17 00:20,23,20.30,23,26
2023-03-17 00:20,3,3.83,34,34
2023-03-17 00:15,Автомобилей,"Занятость, %","Ср.скорость, км/ч","85 процентиль, км/ч"
2023-03-17 00:15,7,16.10,34,39
2023-03-17 00:10,4,6.48,34,36
2023-03-17 00:10,9,10.68,30,35
2023-03-17 00:05,5,5.53,27,32
2023-03-17 00:00,17,3.57,33,38
2023-03-17 00:00,7,3.87,33,37
2023-03-16 23:55,14,20.05,28,28
2023-03-16 23:55,3,4.89,34,38
2023-03-16 23:50,29,4.44,23,26
2023-03-16 23:50,7,3.65,36,40
2023-03-16 23:45,Автомобилей,"Занятость, %","Ср.скорость, км/ч","85 процентиль, км/ч"
2023-03-16 23:45,6,11.72,32,36
2023-03-16 23:40,8,9.41,35,44
2023-03-16 23:40,4,1.81,33,40
2023-03-16 23:35,5,5.05,31,37
2023-03-16 23:30,24,5.51,32,38
2023-03-16 23:30,7,5.61,31,37
2023-03-16 23:25,23,38.10,22,32
2023-03-16 23:25,3,14.47,33,33
2023-03-16 23:20,29,11.05,29,32
2023-03-16 23:20,4,11.12,28,28
2023-03-16 23:15,Автомобилей,"Занятость, %","Ср.скорость, км/ч","85 процентиль, км/ч"
2023-03-16 23:15,10,7.07,29,32
2023-03-16 23:10,4,2.97,30,34
2023-03-16 23:10,10,2.56,29,35
2023-03-16 23:05,8,11.64,31,35
2023-03-16 23:00,12,8.61,29,36
2023-03-16 23:00,4,13.94,31,35
2023-03-16 22:55,30,63.49,11,11
2023-03-16 22:55,7,48.88,30,33
2023-03-16 22:50,39,8.11,30,34
2023-03-16 22:50,10,4.40,34,38
2023-03-16 22:45,Автомобилей,"Занятость, %","Ср.скорость, км/ч","85 процентиль, км/ч"
2023-03-16 22:45,18,33.15,32,36
2023-03-16 22:40,11,6.81,31,37
2023-03-16 22:40,19,5.85,32,35
2023-03-16 22:35,18,26.85,35,39
2023-03-16 22:30,29,13.76,31,36
2023-03-16 22:30,11,22.04,30,35
2023-03-16 22:25,21,35.99,8,16
2023-03-16 22:25,8,12.97,33,42
2023-03-16 22:20,58,15.32,26,31
2023-03-16 22:20,11,11.68,31,35
2023-03-16 22:15,Автомобилей,"Занятость, %","Ср.скорость, км/ч","85 процентиль, км/ч"
2023-03-16 22:15,20,15.15,28,32
2023-03-16 22:10,11,34.00,28,31
2023-03-16 22:10,15,4.90,33,40
2023-03-16 22:05,10,15.65,28,34
2023-03-16 22:00,34,8.37,34,39
2023-03-16 22:00,13,12.18,33,37
2023-03-16 21:55,25,49.50,19,29
2023-03-16 21:55,11,30.87,28,30
2023-03-16 21:50,49,23.70,28,36
2023-03-16 21:50,17,25.54,34,39
2023-03-16 21:45,Автомобилей,"Занятость, %","Ср.скорость, км/ч","85 процентиль, км/ч"
2023-03-16 21:45,15,19.10,32,36
2023-03-16 21:40,22,11.40,31,34
2023-03-16 21:40,27,7.95,29,34
2023-03-16 21:35,20,55.24,33,38
2023-03-16 21:30,36,18.51,31,35
2023-03-16 21:30,21,31.71,32,37
2023-03-16 21:25,30,30.78,18,28
2023-03-16 21:25,23,30.30,31,34
2023-03-16 21:20,82,49.27,26,33
2023-03-16 21:20,13,68.18,33,37
2023-03-16 21:15,Автомобилей,"Занятость, %","Ср.скорость, км/ч","85 процентиль, км/ч"
2023-03-16 21:15,10,34.70,27,30
2023-03-16 21:10,18,28.49,31,36
2023-03-16 21:10,15,5.60,28,32
2023-03-16 21:05,17,43.20,28,32
2023-03-16 21:00,46,9.61,33,39
2023-03-16 21:00,20,11.73,35,39
2023-03-16 20:55,26,37.07,20,30
2023-03-16 20:55,20,27.06,31,35
2023-03-16 20:50,64,18.84,30,39
2023-03-16 20:50,17,13.73,34,41
2023-03-16 20:45,Автомобилей,"Занятость, %","Ср.скорость, км/ч","85 процентиль, км/ч"
2023-03-16 20:45,15,25.13,30,36
2023-03-16 20:40,21,21.30,33,37
2023-03-16 20:40,15,5.14,33,36
2023-03-16 20:35,19,35.38,32,35
2023-03-16 20:30,58,18.79,31,34
2023-03-16 20:30,27,28.14,31,34
2023-03-16 20:25,32,48.45,18,23
2023-03-16 20:25,30,25.79,33,37
2023-03-16 20:20,106,30.25,26,33
2023-03-16 20:20,26,22.95,30,38
2023-03-16 20:15,Автомобилей,"Занятость, %","Ср.скорость, км/ч","85 процентиль, км/ч"
2023-03-16 20:15,25,12.49,33,37
2023-03-16 20:10,26,52.43,30,33
2023-03-16 20:10,33,9.66,30,35
2023-03-16 20:05,12,16.41,34,39
2023-03-16 20:00,36,13.89,33,38
2023-03-16 20:00,18,21.63,35,39
2023-03-16 19:55,46,58.51,16,22
2023-03-16 19:55,28,43.96,33,39
2023-03-16 19:50,79,36.78,27,32
2023-03-16 19:50,22,46.36,31,35
2023-03-16 19:45,Автомобилей,"Занятость, %","Ср.скорость, км/ч","85 процентиль, км/ч"
2023-03-16 19:45,27,14.90,32,36
2023-03-16 19:40,17,28.24,32,34
2023-03-16 19:40,21,7.16,31,34
2023-03-16 19:35,25,26.33,30,35
2023-03-16 19:30,56,11.75,30,33
2023-03-16 19:30,21,12.88,29,32
2023-03-16 19:25,47,68.40,15,21
2023-03-16 19:25,30,22.02,29,34
2023-03-16 19:20,85,48.09,26,31
2023-03-16 19:20,27,56.05,31,35
2023-03-16 19:15,Автомобилей,"Занятость, %","Ср.скорость, км/ч","85 процентиль, км/ч"
2023-03-16 19:15,30,15.18,28,32
2023-03-16 19:10,17,36.27,30,35
2023-03-16 19:10,26,37.05,31,37
2023-03-16 19:05,24,14.64,33,38
2023-03-16 19:00,71,33.91,31,34
2023-03-16 19:00,31,59.92,31,36
2023-03-16 18:55,51,66.50,21,26
2023-03-16 18:55,32,38.21,31,34
2023-03-16 18:50,82,37.06,28,34
2023-03-16 18:50,16,35.63,32,37
2023-03-16 18:45,Автомобилей,"Занятость, %","Ср.скорость, км/ч","85 процентиль, км/ч"
2023-03-16 18:45,35,25.70,32,36
2023-03-16 18:40,17,48.39,33,38
2023-03-16 18:40,19,7.69,30,35
2023-03-16 18:35,26,34.35,33,38
2023-03-16 18:30,37,33.73,36,40
2023-03-16 18:30,20,35.83,37,41
2023-03-16 18:25,56,74.69,15,21
2023-03-16 18:25,30,18.27,31,37
2023-03-16 18:20,87,60.62,26,32
2023-03-16 18:20,29,34.16,30,34
2023-03-16 18:15,Автомобилей,"Занятость, %","Ср.скорость, км/ч","85 процентиль, км/ч"
2023-03-16 18:15,44,44.27,34,38
2023-03-16 18:10,27,72.67,34,39
2023-03-16 18:10,24,97.82,33,40
2023-03-16 18:05,41,43.24,31,36
2023-03-16 18:00,55,14.26,30,35
2023-03-16 18:00,29,12.00,32,36
2023-03-16 17:55,47,74.87,15,22
2023-03-16 17:55,42,40.34,30,34
2023-03-16 17:50,93,48.59,26,33
2023-03-16 17:50,17,45.31,33,41
2023-03-16 17:45,Автомобилей,"Занятость, %","Ср.скорость, км/ч","85 процентиль, км/ч"
2023-03-16 17:45,34,60.91,31,36
2023-03-16 17:40,28,35.98,32,36
2023-03-16 17:40,24,99.75,31,35
2023-03-16 17:35,25,45.83,28,32
2023-03-16 17:30,36,38.22,32,39
2023-03-16 17:30,21,47.26,32,35
2023-03-16 17:25,52,73.96,16,23
2023-03-16 17:25,34,21.61,34,39
2023-03-16 17:20,89,48.34,29,35
2023-03-16 17:20,26,25.41,35,40
2023-03-16 17:15,Автомобилей,"Занятость, %","Ср.скорость, км/ч","85 процентиль, км/ч"
2023-03-16 17:15,43,40.15,32,38
2023-03-16 17:10,22,33.37,33,38
2023-03-16 17:10,24,9.19,35,40
2023-03-16 17:05,29,37.41,31,35
2023-03-16 17:00,60,25.27,33,38
2023-03-16 17:00,31,40.50,35,39
2023-03-16 16:55,34,63.53,19,29
2023-03-16 16:55,48,38.84,34,38
2023-03-16 16:50,89,27.63,27,34
2023-03-16 16:50,37,35.46,33,37
2023-03-16 16:45,Автомобилей,"Занятость, %","Ср.скорость, км/ч","85 процентиль, км/ч"
2023-03-16 16:45,44,50.22,35,41
2023-03-16 16:40,35,39.45,33,39
2023-03-16 16:40,29,10.65,30,32
2023-03-16 16:35,39,47.79,25,33
2023-03-16 16:30,57,21.95,22,31
2023-03-16 16:30,36,31.67,26,37
2023-03-16 16:25,36,32.02,13,21
2023-03-16 16:25,50,19.88,26,34
2023-03-16 16:20,92,27.94,25,32
2023-03-16 16:20,39,13.01,29,36
2023-03-16 16:15,Автомобилей,"Занятость, %","Ср.скорость, км/ч","85 процентиль, км/ч"
2023-03-16 16:15,43,13.02,33,39
2023-03-16 16:10,27,31.07,32,37
2023-03-16 16:10,23,6.66,33,40
2023-03-16 16:05,43,14.10,32,38
2023-03-16 16:00,54,8.77,32,35
2023-03-16 16:00,25,10.58,33,36
2023-03-16 15:55,40,23.74,17,26
2023-03-16 15:55,38,14.12,33,38
2023-03-16 15:50,100,33.29,28,34
2023-03-16 15:50,31,11.71,35,42
2023-03-16 15:45,Автомобилей,"Занятость, %","Ср.скорость, км/ч","85 процентиль, км/ч"
2023-03-16 15:45,38,22.12,35,41
2023-03-16 15:40,28,57.92,36,40
2023-03-16 15:40,26,7.63,25,35
2023-03-16 15:35,54,68.69,32,37
2023-03-16 15:30,55,29.57,26,33
2023-03-16 15:30,38,47.59,30,36
2023-03-16 15:25,36,26.77,17,26
2023-03-16 15:25,48,18.40,33,40
2023-03-16 15:20,108,39.03,26,32
2023-03-16 15:20,30,36.45,32,36
2023-03-16 15:15,Автомобилей,"Занятость, %","Ср.скорость, км/ч","85 процентиль, км/ч"
2023-03-16 15:15,43,15.06,32,38
2023-03-16 15:10,42,35.13,30,36
2023-03-16 15:10,61,15.72,28,37
2023-03-16 15:05,43,39.51,30,35
2023-03-16 15:00,90,23.59,33,38
2023-03-16 15:00,50,35.81,32,38
2023-03-16 14:55,49,73.83,16,22
2023-03-16 14:55,48,32.74,28,34
2023-03-16 14:50,117,72.74,25,30
2023-03-16 14:50,39,56.02,33,37
2023-03-16 14:45,Автомобилей,"Занятость, %","Ср.скорость, км/ч","85 процентиль, км/ч"
2023-03-16 14:45,33,52.67,30,34
2023-03-16 14:40,31,12.14,31,36
2023-03-16 14:40,16,7.43,34,40
2023-03-16 14:35,29,47.57,34,38
2023-03-16 14:30,64,25.34,30,34
2023-03-16 14:30,30,41.75,30,34
2023-03-16 14:25,42,56.98,19,26
2023-03-16 14:25,28,29.90,34,39
2023-03-16 14:20,112,31.21,27,33
2023-03-16 14:20,37,34.22,32,38
2023-03-16 14:15,Автомобилей,"Занятость, %","Ср.скорость, км/ч","85 процентиль, км/ч"
2023-03-16 14:15,35,51.77,33,36
2023-03-16 14:10,42,65.68,31,36
2023-03-16 14:10,33,11.19,30,36
2023-03-16 14:05,38,12.09,35,43
2023-03-16 14:00,58,30.14,33,38
2023-03-16 14:00,34,51.75,34,40
2023-03-16 13:55,52,74.83,16,21
2023-03-16 13:55,42,32.24,33,38
2023-03-16 13:50,29,8.61,27,31
2023-03-16 13:50,5,4.41,31,36
2023-03-16 13:45,Автомобилей,"Занятость, %","Ср.скорость, км/ч","85 процентиль, км/ч"
2023-03-16 13:45,30,65.29,32,37
2023-03-16 13:40,35,49.69,29,35
2023-03-16 13:40,28,9.69,31,37
2023-03-16 13:35,7,13.33,29,36
2023-03-16 13:30,88,48.26,26,33
2023-03-16 13:30,47,37.99,26,34
2023-03-16 13:25,27,10.35,19,26
2023-03-16 13:25,27,9.98,31,36
2023-03-16 13:20,149,41.19,26,33
2023-03-16 13:20,52,32.45,29,34
2023-03-16 13:15,Автомобилей,"Занятость, %","Ср.скорость, км/ч","85 процентиль, км/ч"
2023-03-16 13:15,48,37.00,30,35
2023-03-16 13:10,17,6.97,31,33
2023-03-16 13:10,17,6.29,29,36
2023-03-16 13:05,21,50.14,33,36
2023-03-16 13:00,16,2.35,29,31
2023-03-16 13:00,7,2.22,31,33
2023-03-16 12:55,49,72.48,17,23
2023-03-16 12:55,38,12.52,31,37
2023-03-16 12:50,63,21.73,29,34
2023-03-16 12:50,17,17.76,36,41
2023-03-16 12:45,Автомобилей,"Занятость, %","Ср.скорость, км/ч","85 процентиль, км/ч"
2023-03-16 12:45,35,32.77,31,35
2023-03-16 12:40,23,19.01,34,36
2023-03-16 12:40,26,9.34,30,36
2023-03-16 12:35,32,37.25,32,38
2023-03-16 12:30,36,36.25,29,36
2023-03-16 12:30,23,28.47,31,36
2023-03-15 16:00,34,72.05,16,22
2023-03-15 16:00,39,29.35,30,38
2023-03-15 15:55,130,53.63,28,35
2023-03-15 15:55,41,14.09,35,40
2023-03-15 15:50,Автомобилей,"Занятость, %","Ср.скорость, км/ч","85 процентиль, км/ч"
2023-03-15 15:50,39,24.60,31,36
2023-03-15 15:45,37,50.16,31,37
2023-03-15 15:45,45,100.00,32,36
2023-03-15 15:40,26,44.69,31,36
2023-03-15 15:35,61,68.29,31,36
2023-03-15 15:35,33,36.59,32,35
2023-03-15 15:30,46,53.52,20,28
2023-03-15 15:30,23,33.42,31,36
2023-03-15 15:25,112,63.70,28,34
2023-03-15 15:25,30,36.74,33,36
2023-03-15 15:20,Автомобилей,"Занятость, %","Ср.скорость, км/ч","85 процентиль, км/ч"
2023-03-15 15:20,24,35.94,29,34
2023-03-15 15:15,38,36.02,30,37
2023-03-15 15:15,37,100.00,29,34
2023-03-15 15:10,33,34.51,30,35
2023-03-15 15:05,48,72.05,36,40
2023-03-15 15:05,28,44.10,36,41
2023-03-15 15:00,43,33.25,18,24
2023-03-15 15:00,41,29.52,31,37
2023-03-15 14:55,86,66.76,24,32
2023-03-15 14:55,28,42.54,29,36
2023-03-15 14:50,Автомобилей,"Занятость, %","Ср.скорость, км/ч","85 процентиль, км/ч"
2023-03-15 14:50,31,10.88,34,38
2023-03-15 14:45,34,26.86,33,38
2023-03-15 14:45,30,100.00,28,33
2023-03-15 14:40,38,32.53,32,38
2023-03-15 14:35,83,67.89,30,34
2023-03-15 14:35,50,35.79,30,34
2023-03-15 14:30,55,76.77,15,22
2023-03-15 14:30,44,23.07,32,36
2023-03-15 14:25,113,68.88,25,33
2023-03-15 14:25,36,45.96,31,38
2023-03-15 14:20,Автомобилей,"Занятость, %","Ср.скорость, км/ч","85 процентиль, км/ч"
2023-03-15 14:20,35,32.20,31,37
2023-03-15 14:15,17,48.63,33,38
2023-03-15 14:15,18,100.00,31,35
2023-03-15 14:10,30,26.09,32,36
2023-03-15 14:05,72,76.03,28,36
2023-03-15 14:05,36,52.05,29,35
2023-03-15 14:00,48,64.32,19,27
2023-03-15 14:00,44,60.64,32,37
2023-03-15 13:55,129,74.08,27,33
2023-03-15 13:55,40,48.01,34,39
2023-03-15 13:50,Автомобилей,"Занятость, %","Ср.скорость, км/ч","85 процентиль, км/ч"
2023-03-15 13:50,41,48.19,32,37
2023-03-15 13:45,34,13.99,32,36
2023-03-15 13:45,26,99.99,32,36
2023-03-15 13:40,28,50.04,32,37
2023-03-15 13:35,52,73.60,29,36
2023-03-15 13:35,27,47.20,30,35
2023-03-15 13:30,35,35.05,16,26
2023-03-15 13:30,37,28.25,33,38
2023-03-15 13:25,119,61.08,26,32
2023-03-15 13:25,38,13.30,32,37
2023-03-15 13:20,Автомобилей,"Занятость, %","Ср.скорость, км/ч","85 процентиль, км/ч"
2023-03-15 13:20,36,20.51,33,38
2023-03-15 13:15,45,50.99,32,37
2023-03-15 13:15,36,99.99,31,36
2023-03-15 13:10,39,74.81,29,36
2023-03-15 13:05,73,77.21,31,37
2023-03-15 13:05,39,54.43,31,38
2023-03-15 13:00,42,65.50,15,23
2023-03-15 13:00,32,37.96,34,39
2023-03-15 12:55,114,73.85,28,34
2023-03-15 12:55,32,50.83,32,38
2023-03-15 12:50,Автомобилей,"Занятость, %","Ср.скорость, км/ч","85 процентиль, км/ч"
2023-03-15 12:50,41,14.38,32,38
2023-03-15 12:45,29,35.19,33,40
2023-03-15 12:45,37,100.00,30,36
2023-03-15 12:40,38,16.22,32,37
2023-03-15 12:35,49,63.34,30,37
2023-03-15 12:35,32,26.68,31,36
2023-03-15 12:30,35,70.00,19,30
2023-03-15 12:30,32,28.11,34,40
2023-03-15 12:25,82,69.90,26,34
2023-03-15 12:25,29,47.25,33,39
2023-03-15 12:20,Автомобилей,"Занятость, %","Ср.скорость, км/ч","85 процентиль, км/ч"
2023-03-15 12:20,30,13.18,30,36
2023-03-15 12:15,45,52.02,23,29
2023-03-15 12:15,32,100.00,21,28
2023-03-15 12:10,29,46.21,34,40
2023-03-15 12:05,62,79.74,30,37
2023-03-15 12:05,33,59.48,34,40
2023-03-15 12:00,44,56.15,16,24
2023-03-15 12:00,40,34.70,30,35
2023-03-15 11:55,102,69.74,26,32
2023-03-15 11:55,34,44.46,31,36
2023-03-15 11:50,Автомобилей,"Занятость, %","Ср.скорость, км/ч","85 процентиль, км/ч"
2023-03-15 11:50,34,31.05,33,39
2023-03-15 11:45,40,49.00,32,37
2023-03-15 11:45,24,100.00,28,39
2023-03-15 11:40,42,32.16,29,34
2023-03-15 11:35,88,78.00,31,36
2023-03-15 11:35,45,56.06,31,37
2023-03-15 11:30,56,54.98,18,23
2023-03-15 11:30,38,15.97,34,39
2023-03-15 11:25,109,79.28,27,34
2023-03-15 11:25,29,66.49,31,38
2023-03-15 11:20,Автомобилей,"Занятость, %","Ср.скорость, км/ч","85 процентиль, км/ч"
2023-03-15 11:20,17,15.00,33,40
2023-03-15 11:15,24,10.68,31,37
2023-03-15 11:15,29,100.00,30,37
2023-03-15 11:10,31,28.04,34,37
2023-03-15 11:05,69,83.02,32,38
2023-03-15 11:05,36,66.05,33,39
2023-03-15 11:00,52,69.86,19,25
2023-03-15 11:00,31,56.78,32,38
2023-03-15 10:55,134,67.65,28,34
2023-03-15 10:55,45,33.36,33,36
2023-03-15 10:50,Автомобилей,"Занятость, %","Ср.скорость, км/ч","85 процентиль, км/ч"
2023-03-15 10:50,31,16.74,31,36
2023-03-15 10:45,24,26.13,34,40
2023-03-15 10:45,19,100.00,34,38
2023-03-15 10:40,30,58.39,34,38
2023-03-15 10:35,67,54.29,30,34
2023-03-15 10:35,36,10.54,30,34
2023-03-15 10:30,51,59.68,17,24
2023-03-15 10:30,35,53.43,30,38
2023-03-15 10:25,104,58.29,28,34
2023-03-15 10:25,35,17.81,35,38
2023-03-15 10:20,Автомобилей,"Занятость, %","Ср.скорость, км/ч","85 процентиль, км/ч"
2023-03-15 10:20,32,26.77,34,38
2023-03-15 10:15,33,24.36,29,34
2023-03-15 10:15,31,100.00,32,37
2023-03-15 10:10,36,33.27,31,35
2023-03-15 10:05,73,65.47,30,35
2023-03-15 10:05,30,30.95,33,38
2023-03-15 10:00,37,25.77,18,27
2023-03-15 10:00,46,16.92,34,40
2023-03-15 09:55,115,70.59,25,31
2023-03-15 09:55,30,34.39,32,36
2023-03-15 09:50,Автомобилей,"Занятость, %","Ср.скорость, км/ч","85 процентиль, км/ч"
2023-03-15 09:50,51,17.74,30,35
2023-03-15 09:45,35,37.67,28,35
2023-03-15 09:45,24,100.00,23,29
2023-03-15 09:40,35,11.20,33,36
2023-03-15 09:35,61,68.06,32,38
2023-03-15 09:35,29,36.12,33,38
2023-03-15 09:30,50,25.49,18,25
2023-03-15 09:30,43,13.00,32,37
2023-03-15 09:25,95,66.92,28,34
2023-03-15 09:25,27,25.93,34,38
2023-03-15 09:20,Автомобилей,"Занятость, %","Ср.скорость, км/ч","85 процентиль, км/ч"
2023-03-15 09:20,37,33.60,33,39
2023-03-15 09:15,21,43.27,34,39
2023-03-15 09:15,20,96.15,33,39
2023-03-15 09:10,31,40.80,34,38
2023-03-15 09:05,48,25.87,33,39
2023-03-15 09:05,23,31.99,36,41
2023-03-15 09:00,47,61.99,20,29
2023-03-15 09:00,38,35.35,31,35
2023-03-15 08:55,100,31.51,27,32
2023-03-15 08:55,29,33.70,31,35
2023-03-15 08:50,Автомобилей,"Занятость, %","Ср.скорость, км/ч","85 процентиль, км/ч"
2023-03-15 08:50,64,49.57,33,36
2023-03-15 08:45,49,18.36,32,36
2023-03-15 08:45,48,13.56,29,36
2023-03-15 08:40,48,13.78,34,37
2023-03-15 08:35,77,17.95,31,35
2023-03-15 08:35,41,25.01,32,36
2023-03-15 08:30,51,45.43,20,25
2023-03-15 08:30,54,38.58,29,35
2023-03-15 08:25,122,42.41,27,33
2023-03-15 08:25,38,48.61,34,37
2023-03-15 08:20,Автомобилей,"Занятость, %","Ср.скорость, км/ч","85 процентиль, км/ч"
2023-03-15 08:20,53,50.95,32,37
2023-03-15 08:15,38,28.47,32,36
2023-03-15 08:15,30,9.04,32,37
2023-03-15 08:10,47,38.33,34,37
2023-03-15 08:05,71,23.22,31,35
2023-03-15 08:05,35,36.37,31,35
2023-03-15 08:00,43,44.91,22,35
2023-03-15 08:00,42,31.69,36,40
2023-03-15 07:55,94,37.94,25,33
2023-03-15 07:55,32,44.16,31,36
2023-03-15 07:50,Автомобилей,"Занятость, %","Ср.скорость, км/ч","85 процентиль, км/ч"
2023-03-15 07:50,37,9.75,37,45
2023-03-15 07:45,36,42.31,34,39
2023-03-15 07:45,28,7.55,32,39
2023-03-15 07:40,46,11.62,33,37
2023-03-15 07:35,58,17.18,34,38
2023-03-15 07:35,30,24.53,34,36
2023-03-15 07:30,26,57.53,20,33
2023-03-15 07:30,40,29.09,34,41
2023-03-15 07:25,77,40.98,25,32
2023-03-15 07:25,19,45.83,31,34
2023-03-15 07:20,Автомобилей,"Занятость, %","Ср.скорость, км/ч","85 процентиль, км/ч"
2023-03-15 07:20,42,16.81,34,38
2023-03-15 07:15,20,39.40,35,38
2023-03-15 07:15,30,7.78,32,37
2023-03-15 07:10,41,38.18,34,40
2023-03-15 07:05,46,28.72,34,38
2023-03-15 07:05,25,50.23,34,39
2023-03-15 07:00,34,56.61,18,27
2023-03-15 07:00,27,9.66,33,38
2023-03-15 06:55,70,23.34,29,37
2023-03-15 06:55,28,8.55,36,39
2023-03-15 06:50,Автомобилей,"Занятость, %","Ср.скорость, км/ч","85 процентиль, км/ч"
2023-03-15 06:50,32,22.19,34,38
2023-03-15 06:45,19,10.77,35,38
2023-03-15 06:45,23,6.56,35,42
2023-03-15 06:40,16,25.45,35,41
2023-03-15 06:35,46,19.56,33,39
2023-03-15 06:35,20,17.49,34,38
2023-03-15 06:30,12,34.57,12,22
2023-03-15 06:30,12,28.75,34,38
2023-03-15 06:25,55,11.43,32,40
2023-03-15 06:25,17,14.89,34,39
2023-03-15 06:20,Автомобилей,"Занятость, %","Ср.скорость, км/ч","85 процентиль, км/ч"
2023-03-15 06:20,19,33.40,37,41
2023-03-15 06:15,9,19.86,31,38
2023-03-15 06:15,12,3.82,30,37
2023-03-15 06:10,13,16.37,33,35
2023-03-15 06:05,16,2.50,31,34
2023-03-15 06:05,7,2.76,35,37
2023-03-15 06:00,35,15.98,16,27
2023-03-15 06:00,4,3.65,30,30
2023-03-15 05:55,27,5.04,24,27
2023-03-15 05:55,7,5.96,25,26
2023-03-15 05:50,Автомобилей,"Занятость, %","Ср.скорость, км/ч","85 процентиль, км/ч"
2023-03-15 05:50,11,26.50,31,33
2023-03-15 05:45,4,14.93,0,0
2023-03-15 05:45,11,3.83,31,37
2023-03-15 05:40,9,6.85,33,41
2023-03-15 05:35,6,1.86,15,15
2023-03-15 05:35,2,2.77,0,0
2023-03-15 05:30,4,27.78,8,15
2023-03-15 05:30,1,26.58,0,0
2023-03-15 05:25,13,7.79,19,23
2023-03-15 05:25,4,1.60,0,0
2023-03-15 05:20,Автомобилей,"Занятость, %","Ср.скорость, км/ч","85 процентиль, км/ч"
2023-03-15 05:20,5,18.85,36,36
2023-03-15 05:15,1,19.12,33,33
2023-03-15 05:15,7,1.42,35,43
2023-03-15 05:10,2,0.94,26,26
2023-03-15 05:05,7,1.09,28,30
2023-03-15 05:05,3,0.88,31,34
2023-03-15 05:00,1,0.66,0,0
2023-03-15 05:00,1,0.79,26,26
2023-03-15 04:55,6,1.20,14,14
2023-03-15 04:55,0,1.12,0,0
2023-03-15 04:50,Автомобилей,"Занятость, %","Ср.скорость, км/ч","85 процентиль, км/ч"
2023-03-15 04:50,0,18.79,0,0
2023-03-15 04:45,0,0.19,0,0
2023-03-15 04:45,2,0.32,0,0
2023-03-15 04:40,3,6.78,33,37
2023-03-15 04:35,7,11.51,32,32
2023-03-15 04:35,2,21.41,30,30
2023-03-15 04:30,2,8.46,33,33
2023-03-15 04:30,2,8.70,0,0
2023-03-15 04:25,4,1.71,4,4
2023-03-15 04:25,0,0.39,0,0
2023-03-15 04:20,Автомобилей,"Занятость, %","Ср.скорость, км/ч","85 процентиль, км/ч"
2023-03-15 04:20,0,18.29,0,0
2023-03-15 04:15,0,24.89,0,0
2023-03-15 04:15,3,0.66,34,37
2023-03-15 04:10,3,1.81,32,32
2023-03-15 04:05,2,0.43,11,11
2023-03-15 04:05,1,0.29,0,0
2023-03-15 04:00,0,0.77,0,0
2023-03-15 04:00,3,0.94,0,0
2023-03-15 03:55,13,18.04,6,10
2023-03-15 03:55,1,25.98,0,0
2023-03-15 03:50,Автомобилей,"Занятость, %","Ср.скорость, км/ч","85 процентиль, км/ч"
2023-03-15 03:50,1,17.56,25,25
2023-03-15 03:45,1,0.78,0,0
2023-03-15 03:45,2,0.70,0,0
2023-03-15 03:40,0,0.73,0,0
2023-03-15 03:35,3,0.53,14,14
2023-03-15 03:35,2,0.50,28,28
2023-03-15 03:30,2,0.76,26,39
2023-03-15 03:30,1,1.45,28,28
2023-03-15 03:25,8,1.65,13,15
2023-03-15 03:25,1,1.82,26,26
2023-03-15 03:20,Автомобилей,"Занятость, %","Ср.скорость, км/ч","85 процентиль, км/ч"
2023-03-15 03:20,0,1.33,0,0
2023-03-15 03:15,3,14.01,34,40
2023-03-15 03:15,1,0.56,0,0
2023-03-15 03:10,3,9.40,36,36
2023-03-15 03:05,4,1.24,16,19
2023-03-15 03:05,1,1.73,0,0
2023-03-15 03:00,1,2.70,18,18
2023-03-15 03:00,0,1.16,0,0
2023-03-15 02:55,4,2.17,8,8
2023-03-15 02:55,1,1.33,0,0
2023-03-15 02:50,Автомобилей,"Занятость, %","Ср.скорость, км/ч","85 процентиль, км/ч"
2023-03-15 02:50,3,6.08,40,40
2023-03-15 02:45,7,8.55,34,40
2023-03-15 02:45,2,1.48,24,41
2023-03-15 02:40,2,4.96,30,30
2023-03-15 02:35,3,0.48,32,32
2023-03-15 02:35,1,0.41,27,27
2023-03-15 02:30,3,30.52,12,22
2023-03-15 02:30,1,21.46,0,0
2023-03-15 02:25,8,0.86,34,36
2023-03-15 02:25,2,1.05,34,37
2023-03-15 02:20,Автомобилей,"Занятость, %","Ср.скорость, км/ч","85 процентиль, км/ч"
2023-03-15 02:20,2,2.11,33,33
2023-03-15 02:15,2,0.61,26,28
2023-03-15 02:15,1,0.53,28,28
2023-03-15 02:10,1,10.63,38,38
2023-03-15 02:05,3,0.79,13,13
2023-03-15 02:05,0,1.06,0,0
2023-03-15 02:00,1,2.73,0,0
2023-03-15 02:00,0,0.55,0,0
2023-03-15 01:55,14,8.65,21,26
2023-03-15 01:55,1,11.91,17,17
2023-03-15 01:50,Автомобилей,"Занятость, %","Ср.скорость, км/ч","85 процентиль, км/ч"
2023-03-15 01:50,4,20.43,0,0
2023-03-15 01:45,0,13.85,0,0
2023-03-15 01:45,4,0.83,0,0
2023-03-15 01:40,1,10.68,42,42
2023-03-15 01:35,4,1.09,16,19
2023-03-15 01:35,0,1.10,0,0
2023-03-15 01:30,5,23.19,30,40
2023-03-15 01:30,0,8.12,0,0
2023-03-15 01:25,10,23.88,14,16
2023-03-15 01:25,2,8.74,0,0
2023-03-15 01:20,Автомобилей,"Занятость, %","Ср.скорость, км/ч","85 процентиль, км/ч"
2023-03-15 01:20,2,14.23,28,28
2023-03-15 01:15,1,0.80,40,40
2023-03-15 01:15,6,1.19,34,41
2023-03-15 01:10,1,28.95,30,30
2023-03-15 01:05,5,11.08,30,36
2023-03-15 01:05,2,21.15,28,28
2023-03-15 01:00,6,20.56,20,33
2023-03-15 01:00,2,20.19,24,24
2023-03-15 00:55,9,20.00,25,32
2023-03-15 00:55,3,28.95,36,38
2023-03-15 00:50,Автомобилей,"Занятость, %","Ср.скорость, км/ч","85 процентиль, км/ч"
2023-03-15 00:50,2,15.74,35,37
2023-03-15 00:45,1,4.87,0,0
2023-03-15 00:45,6,1.17,33,36
2023-03-15 00:40,0,1.59,0,0
2023-03-15 00:35,16,2.77,32,37
2023-03-15 00:35,4,2.93,31,35
2023-03-15 00:30,6,28.54,9,17
2023-03-15 00:30,5,15.31,30,30
2023-03-15 00:25,13,3.01,29,36
2023-03-15 00:25,4,3.42,37,37
2023-03-15 00:20,Автомобилей,"Занятость, %","Ср.скорость, км/ч","85 процентиль, км/ч"
2023-03-15 00:20,10,3.84,33,37
2023-03-15 00:15,3,12.27,0,0
2023-03-15 00:15,6,1.74,38,38
2023-03-15 00:10,4,9.25,30,39
2023-03-15 00:05,7,2.04,28,31
2023-03-15 00:05,2,2.73,26,26
2023-03-15 00:00,17,26.60,20,25
2023-03-15 00:00,8,21.04,33,40
2023-03-14 23:55,24,11.36,27,35
2023-03-14 23:55,6,5.00,27,31
2023-03-14 23:50,Автомобилей,"Занятость, %","Ср.скорость, км/ч","85 процентиль, км/ч"
2023-03-14 23:50,2,9.90,33,33
2023-03-14 23:45,7,17.65,29,32
2023-03-14 23:45,9,12.13,32,39
2023-03-14 23:40,12,31.72,30,37
2023-03-14 23:35,17,9.36,31,34
2023-03-14 23:35,7,3.72,32,37
2023-03-14 23:30,15,37.58,14,25
2023-03-14 23:30,6,25.34,32,33
2023-03-14 23:25,23,25.55,25,32
2023-03-14 23:25,6,36.05,30,32
2023-03-14 23:20,Автомобилей,"Занятость, %","Ср.скорость, км/ч","85 процентиль, км/ч"
2023-03-14 23:20,6,30.91,30,36
2023-03-14 23:15,14,22.30,31,35
2023-03-14 23:15,8,3.31,31,38
2023-03-14 23:10,5,6.41,36,40
2023-03-14 23:05,13,21.85,31,39
2023-03-14 23:05,4,41.11,33,43
2023-03-14 23:00,13,36.83,6,12
2023-03-14 23:00,6,35.34,32,37
2023-03-14 22:55,31,24.77,28,34
2023-03-14 22:55,7,27.23,31,32
2023-03-14 22:50,Автомобилей,"Занятость, %","Ср.скорость, км/ч","85 процентиль, км/ч"
2023-03-14 22:50,13,29.08,32,35
2023-03-14 22:45,14,27.54,34,39
2023-03-14 22:45,21,7.20,32,35
2023-03-14 22:40,10,20.93,35,39
2023-03-14 22:35,28,12.00,33,36
2023-03-14 22:35,12,19.08,34,36
2023-03-14 22:30,19,23.91,15,23
2023-03-14 22:30,9,14.32,30,35
2023-03-14 22:25,44,28.95,25,29
2023-03-14 22:25,11,34.83,29,33
2023-03-14 22:20,Автомобилей,"Занятость, %","Ср.скорость, км/ч","85 процентиль, км/ч"
2023-03-14 22:20,11,22.60,34,39
2023-03-14 22:15,13,26.65,29,31
2023-03-14 22:15,17,5.81,27,32
2023-03-14 22:10,10,28.30,30,33
2023-03-14 22:05,20,20.03,33,37
2023-03-14 22:05,6,36.74,32,36
2023-03-14 22:00,42,55.73,19,32
2023-03-14 22:00,15,9.55,31,37
2023-03-14 21:55,62,20.53,28,34
2023-03-14 21:55,14,18.29,32,38
2023-03-14 21:50,Автомобилей,"Занятость, %","Ср.скорость, км/ч","85 процентиль, км/ч"
2023-03-14 21:50,8,14.45,34,38
2023-03-14 21:45,24,22.00,31,35
2023-03-14 21:45,21,6.41,30,33
2023-03-14 21:40,14,27.55,37,40
2023-03-14 21:35,36,7.78,31,37
2023-03-14 21:35,16,9.64,30,35
2023-03-14 21:30,33,20.66,18,27
2023-03-14 21:30,21,16.01,30,35
2023-03-14 21:25,72,31.78,27,32
2023-03-14 21:25,20,36.69,30,34
2023-03-14 21:20,Автомобилей,"Занятость, %","Ср.скорость, км/ч","85 процентиль, км/ч"
2023-03-14 21:20,15,22.43,34,39
2023-03-14 21:15,7,31.92,36,40
2023-03-14 21:15,16,3.46,31,35
2023-03-14 21:10,12,29.89,31,38
2023-03-14 21:05,54,13.06,31,35
2023-03-14 21:05,22,17.41,31,35
2023-03-14 21:00,46,48.42,18,28
2023-03-14 21:00,33,26.28,33,37
2023-03-14 20:55,81,29.53,28,34
2023-03-14 20:55,19,35.43,34,39
2023-03-14 20:50,Автомобилей,"Занятость, %","Ср.скорость, км/ч","85 процентиль, км/ч"
2023-03-14 20:50,11,27.63,33,33
2023-03-14 20:45,23,34.93,33,37
2023-03-14 20:45,27,9.03,31,34
2023-03-14 20:40,25,29.08,31,36
2023-03-14 20:35,50,20.49,30,35
2023-03-14 20:35,27,32.82,31,36
2023-03-14 20:30,30,40.94,18,29
2023-03-14 20:30,28,21.93,31,35
2023-03-14 20:25,86,27.96,26,33
2023-03-14 20:25,23,24.81,33,39
2023-03-14 20:20,Автомобилей,"Занятость, %","Ср.скорость, км/ч","85 процентиль, км/ч"
2023-03-14 20:20,19,43.10,30,36
2023-03-14 20:15,29,26.14,31,36
2023-03-14 20:15,32,10.02,30,35
2023-03-14 20:10,27,18.17,32,37
2023-03-14 20:05,53,42.20,31,35
2023-03-14 20:05,25,74.11,32,36
2023-03-14 20:00,39,45.29,17,23
2023-03-14 20:00,19,26.40,32,38
2023-03-14 19:55,92,38.00,28,31
2023-03-14 19:55,18,35.47,34,36
2023-03-14 19:50,Автомобилей,"Занятость, %","Ср.скорость, км/ч","85 процентиль, км/ч"
2023-03-14 19:50,17,55.79,30,33
2023-03-14 19:45,18,13.20,33,39
2023-03-14 19:45,31,9.06,31,37
2023-03-14 19:40,17,34.89,34,37
2023-03-14 19:35,41,11.79,30,35
2023-03-14 19:35,23,16.98,31,38
2023-03-14 19:30,33,28.21,19,29
2023-03-14 19:30,16,16.01,33,37
2023-03-14 19:25,95,35.07,27,32
2023-03-14 19:25,30,42.52,32,37
2023-03-14 19:20,Автомобилей,"Занятость, %","Ср.скорость, км/ч","85 процентиль, км/ч"
2023-03-14 19:20,18,7.32,36,40
2023-03-14 19:15,49,41.86,32,38
2023-03-14 19:15,46,25.21,29,33
2023-03-14 19:10,17,33.60,29,32
2023-03-14 19:05,65,26.43,33,37
2023-03-14 19:05,30,42.34,35,39
2023-03-14 19:00,34,76.36,20,27
2023-03-14 19:00,28,50.08,27,34
2023-03-14 18:55,94,41.40,24,30
2023-03-14 18:55,36,37.45,31,37
2023-03-14 18:50,Автомобилей,"Занятость, %","Ср.скорость, км/ч","85 процентиль, км/ч"
2023-03-14 18:50,28,44.30,30,35
2023-03-14 18:45,22,39.20,31,35
2023-03-14 18:45,29,7.71,31,35
2023-03-14 18:40,19,11.44,34,38
2023-03-14 18:35,40,10.08,32,37
2023-03-14 18:35,20,13.45,31,37
2023-03-14 18:30,38,58.58,21,28
2023-03-14 18:30,17,8.81,30,34
2023-03-14 18:25,125,35.46,26,31
2023-03-14 18:25,33,22.19,32,37
2023-03-14 18:20,Автомобилей,"Занятость, %","Ср.скорость, км/ч","85 процентиль, км/ч"
2023-03-14 18:20,39,53.32,31,36
2023-03-14 18:15,47,41.59,27,34
2023-03-14 18:15,31,15.91,21,30
2023-03-14 18:10,44,38.92,21,28
2023-03-14 18:05,73,82.75,28,34
2023-03-14 18:05,43,65.55,32,36
2023-03-14 18:00,34,45.27,16,25
2023-03-14 18:00,27,33.23,34,39
2023-03-14 17:55,114,54.19,25,30
2023-03-14 17:55,27,13.43,31,36
2023-03-14 17:50,Автомобилей,"Занятость, %","Ср.скорость, км/ч","85 процентиль, км/ч"
2023-03-14 17:50,23,20.66,32,37
2023-03-14 17:45,58,42.30,27,32
2023-03-14 17:45,14,99.97,0,0
2023-03-14 17:40,34,16.77,29,37
2023-03-14 17:35,54,69.72,32,38
2023-03-14 17:35,28,39.44,34,39
2023-03-14 17:30,50,76.99,17,25
2023-03-14 17:30,21,48.84,32,36
2023-03-14 17:25,119,66.41,26,31
2023-03-14 17:25,36,36.10,31,35
2023-03-14 17:20,Автомобилей,"Занятость, %","Ср.скорость, км/ч","85 процентиль, км/ч"
2023-03-14 17:20,33,35.25,32,35
2023-03-14 17:15,44,16.01,30,39
2023-03-14 17:15,37,100.00,29,35
2023-03-14 17:10,32,55.35,32,37
2023-03-14 17:05,96,58.45,31,35
2023-03-14 17:05,47,16.90,32,35
2023-03-14 17:00,40,55.36,17,26
2023-03-14 17:00,37,25.18,33,36
2023-03-14 16:55,134,60.77,28,34
2023-03-14 16:55,42,38.50,31,36
2023-03-14 16:50,Автомобилей,"Занятость, %","Ср.скорость, км/ч","85 процентиль, км/ч"
2023-03-14 16:50,27,11.11,33,38
2023-03-14 16:45,42,43.04,35,40
2023-03-14 16:45,31,100.00,36,41
2023-03-14 16:40,23,69.58,35,39
2023-03-14 16:35,62,69.65,31,35
2023-03-14 16:35,29,39.30,31,34
2023-03-14 16:30,45,55.08,16,23
2023-03-14 16:30,37,12.73,31,37
2023-03-14 16:25,123,68.00,26,31
2023-03-14 16:25,36,38.86,31,36
2023-03-14 16:20,Автомобилей,"Занятость, %","Ср.скорость, км/ч","85 процентиль, км/ч"
2023-03-14 16:20,31,35.72,32,36
2023-03-14 16:15,34,42.46,32,37
2023-03-14 16:15,26,100.00,32,36
2023-03-14 16:10,36,62.30,28,34
2023-03-14 16:05,76,72.89,29,36
2023-03-14 16:05,43,45.79,30,35
2023-03-14 16:00,31,63.86,22,31
2023-03-14 16:00,31,39.32,33,38
2023-03-14 15:55,126,61.24,27,32
2023-03-14 15:55,38,22.10,34,39
2023-03-14 15:50,Автомобилей,"Занятость, %","Ср.скорость, км/ч","85 процентиль, км/ч"
2023-03-14 15:50,26,75.60,34,40
2023-03-14 15:45,28,36.28,33,37
2023-03-14 15:45,29,99.99,32,39
2023-03-14 15:40,21,33.77,35,40
2023-03-14 15:35,55,71.88,31,35
2023-03-14 15:35,24,43.76,33,38
2023-03-14 15:30,47,75.21,19,29
2023-03-14 15:30,22,49.31,31,35
2023-03-14 15:25,137,63.03,25,30
2023-03-14 15:25,40,41.48,34,37
2023-03-14 15:20,Автомобилей,"Занятость, %","Ср.скорость, км/ч","85 процентиль, км/ч"
2023-03-14 15:20,40,27.19,33,36
2023-03-14 15:15,41,37.10,32,36
2023-03-14 15:15,38,100.00,32,36
2023-03-14 15:10,33,34.95,35,40
2023-03-14 15:05,61,62.46,29,34
2023-03-14 15:05,39,24.93,31,37
2023-03-14 15:00,53,73.08,15,23
2023-03-14 15:00,54,33.74,30,35
2023-03-14 14:55,120,72.19,28,38
2023-03-14 14:55,46,43.79,32,36
2023-03-14 14:50,Автомобилей,"Занятость, %","Ср.скорость, км/ч","85 процентиль, км/ч"
2023-03-14 14:50,24,10.91,35,40
2023-03-14 14:45,27,31.35,34,38
2023-03-14 14:45,24,99.87,36,42
2023-03-14 14:40,39,65.31,31,35
2023-03-14 14:35,60,69.41,30,37
2023-03-14 14:35,35,38.82,32,36
2023-03-14 14:30,47,64.00,14,21
2023-03-14 14:30,40,61.12,32,37
2023-03-14 14:25,94,68.91,27,33
2023-03-14 14:25,20,32.83,30,35
2023-03-14 14:20,Автомобилей,"Занятость, %","Ср.скорость, км/ч","85 процентиль, км/ч"
2023-03-14 14:20,33,28.04,32,36
2023-03-14 14:15,33,27.42,31,36
2023-03-14 14:15,25,100.00,33,39
2023-03-14 14:10,38,13.24,34,38
2023-03-14 14:05,80,67.19,29,34
2023-03-14 14:05,44,34.38,30,35
2023-03-14 14:00,47,67.30,19,29
2023-03-14 14:00,48,68.17,30,35
2023-03-14 13:55,146,64.58,24,30
2023-03-14 13:55,47,24.61,29,33
2023-03-14 13:50,Автомобилей,"Занятость, %","Ср.скорость, км/ч","85 процентиль, км/ч"
2023-03-14 13:50,52,18.99,25,31
2023-03-14 13:45,45,17.11,29,34
2023-03-14 13:45,45,100.00,28,32
2023-03-14 13:40,42,34.30,32,39
2023-03-14 13:35,51,78.17,25,30
2023-03-14 13:35,34,56.34,27,33
2023-03-14 13:30,56,71.35,16,21
2023-03-14 13:30,33,40.72,34,38
2023-03-14 13:25,123,82.82,24,30
2023-03-14 13:25,38,70.30,30,34
2023-03-14 13:20,Автомобилей,"Занятость, %","Ср.скорость, км/ч","85 процентиль, км/ч"
2023-03-14 13:20,43,24.42,32,35
2023-03-14 13:15,34,52.21,32,36
2023-03-14 13:15,17,99.99,31,36
2023-03-14 13:10,33,34.74,31,35
2023-03-14 13:05,77,87.61,30,35
2023-03-14 13:05,42,75.24,29,34
2023-03-14 13:00,46,48.01,15,25
2023-03-14 13:00,34,32.53,34,41
2023-03-14 12:55,98,62.49,26,32
2023-03-14 12:55,30,41.72,31,34
2023-03-14 12:50,Автомобилей,"Занятость, %","Ср.скорость, км/ч","85 процентиль, км/ч"
2023-03-14 12:50,48,43.67,32,35
2023-03-14 12:45,47,18.56,29,36
2023-03-14 12:45,35,100.00,21,30
2023-03-14 12:40,40,40.23,31,35
2023-03-14 12:35,98,67.56,26,32
2023-03-14 12:35,50,35.12,29,34
2023-03-14 12:30,41,71.98,16,23
2023-03-14 12:30,42,68.37,31,35
2023-03-14 12:25,106,63.21,26,30
2023-03-14 12:25,37,32.23,33,37
2023-03-14 12:20,Автомобилей,"Занятость, %","Ср.скорость, км/ч","85 процентиль, км/ч"
2023-03-14 12:20,34,33.23,31,35
2023-03-14 12:15,38,36.76,29,34
2023-03-14 12:15,33,99.93,21,31
2023-03-14 12:10,23,13.86,31,34
2023-03-14 12:05,77,77.40,28,34
2023-03-14 12:05,36,54.81,28,34
2023-03-14 12:00,56,57.28,17,25
2023-03-14 12:00,37,13.89,30,35
2023-03-14 11:55,107,54.77,28,32
2023-03-14 11:55,34,13.76,33,37
2023-03-14 11:50,Автомобилей,"Занятость, %","Ср.скорость, км/ч","85 процентиль, км/ч"
2023-03-14 11:50,42,40.44,32,35
2023-03-14 11:45,42,33.67,32,36
2023-03-14 11:45,36,100.00,29,33
2023-03-14 11:40,27,63.46,30,36
2023-03-14 11:35,66,68.53,32,37
2023-03-14 11:35,30,37.06,34,37
2023-03-14 11:30,47,48.76,22,32
2023-03-14 11:30,38,37.57,31,36
2023-03-14 11:25,133,69.31,26,32
2023-03-14 11:25,47,33.08,32,36
2023-03-14 11:20,Автомобилей,"Занятость, %","Ср.скорость, км/ч","85 процентиль, км/ч"
2023-03-14 11:20,48,23.27,29,33
2023-03-14 11:15,35,31.41,31,36
2023-03-14 11:15,32,100.00,31,36
2023-03-14 11:10,36,33.55,32,36
2023-03-14 11:05,56,56.78,29,35
2023-03-14 11:05,34,13.57,30,36
2023-03-14 11:00,54,60.77,17,24
2023-03-14 11:00,46,30.67,33,37
2023-03-14 10:55,107,59.15,29,35
2023-03-14 10:55,36,25.48,33,38
2023-03-14 10:50,Автомобилей,"Занятость, %","Ср.скорость, км/ч","85 процентиль, км/ч"
2023-03-14 10:50,42,20.77,32,37
2023-03-14 10:45,25,40.82,33,37
2023-03-14 10:45,25,100.00,28,34
2023-03-14 10:40,30,35.50,36,43
2023-03-14 10:35,64,57.28,31,39
2023-03-14 10:35,32,14.57,33,39
2023-03-14 10:30,52,71.95,18,25
2023-03-14 10:30,40,53.55,34,38
2023-03-14 10:25,125,76.47,26,32
2023-03-14 10:25,40,55.62,30,35
2023-03-14 10:20,Автомобилей,"Занятость, %","Ср.скорость, км/ч","85 процентиль, км/ч"
2023-03-14 10:20,41,19.68,34,37
2023-03-14 10:15,39,70.23,35,38
2023-03-14 10:15,33,99.96,31,36
2023-03-14 10:10,36,35.49,30,40
2023-03-14 10:05,69,69.01,32,37
2023-03-14 10:05,37,38.02,33,37
2023-03-14 10:00,52,72.68,19,24
2023-03-14 10:00,46,63.50,32,36
2023-03-14 09:55,93,57.18,26,32
2023-03-14 09:55,28,34.50,31,35
2023-03-14 09:50,Автомобилей,"Занятость, %","Ср.скорость, км/ч","85 процентиль, км/ч"
2023-03-14 09:50,47,20.12,22,30
2023-03-14 09:45,40,55.17,22,31
2023-03-14 09:45,37,99.96,14,19
2023-03-14 09:40,30,44.95,30,39
2023-03-14 09:35,54,60.89,29,34
2023-03-14 09:35,29,21.77,28,32
2023-03-14 09:30,41,50.04,14,20
2023-03-14 09:30,53,16.16,32,37
2023-03-14 09:25,98,73.51,27,32
2023-03-14 09:25,34,47.55,33,36
2023-03-14 09:20,Автомобилей,"Занятость, %","Ср.скорость, км/ч","85 процентиль, км/ч"
2023-03-14 09:20,36,37.87,32,37
2023-03-14 09:15,25,31.79,30,34
2023-03-14 09:15,28,99.96,31,38
2023-03-14 09:10,36,16.12,33,36
2023-03-14 09:05,63,21.69,33,38
2023-03-14 09:05,34,34.25,34,38
2023-03-14 09:00,36,20.75,21,30
2023-03-14 09:00,45,21.38,33,37
2023-03-14 08:55,105,32.10,28,35
2023-03-14 08:55,34,39.42,33,37
2023-03-14 08:50,Автомобилей,"Занятость, %","Ср.скорость, км/ч","85 процентиль, км/ч"
2023-03-14 08:50,45,43.05,34,41
2023-03-14 08:45,37,60.01,34,39
2023-03-14 08:45,42,9.78,32,39
2023-03-14 08:40,58,53.61,30,33
2023-03-14 08:35,87,23.59,33,37
2023-03-14 08:35,46,35.41,35,38
2023-03-14 08:30,32,48.49,18,27
2023-03-14 08:30,63,41.37,29,35
2023-03-14 08:25,115,45.35,27,32
2023-03-14 08:25,38,58.76,32,36
2023-03-14 08:20,Автомобилей,"Занятость, %","Ср.скорость, км/ч","85 процентиль, км/ч"
2023-03-14 08:20,59,15.35,30,34
2023-03-14 08:15,39,10.62,32,36
2023-03-14 08:15,28,8.43,34,37
2023-03-14 08:10,46,32.55,34,37
2023-03-14 08:05,51,20.43,34,38
2023-03-14 08:05,25,33.82,35,39
2023-03-14 08:00,34,47.41,22,34
2023-03-14 08:00,43,46.65,35,38
2023-03-14 07:55,101,51.78,29,36
2023-03-14 07:55,31,72.51,32,36
2023-03-14 07:50,Автомобилей,"Занятость, %","Ср.скорость, км/ч","85 процентиль, км/ч"
2023-03-14 07:50,37,18.79,33,37
2023-03-14 07:45,36,11.26,35,38
2023-03-14 07:45,36,9.09,34,37
2023-03-14 07:40,42,11.27,34,38
2023-03-14 07:35,79,10.83,32,36
2023-03-14 07:35,40,11.87,33,38
2023-03-14 07:30,38,44.00,15,24
2023-03-14 07:30,35,42.54,34,38
2023-03-14 07:25,82,29.87,27,35
2023-03-14 07:25,26,30.27,35,39
2023-03-14 07:20,Автомобилей,"Занятость, %","Ср.скорость, км/ч","85 процентиль, км/ч"
2023-03-14 07:20,32,15.95,34,38
2023-03-14 07:15,31,52.37,34,38
2023-03-14 07:15,29,7.59,33,37
2023-03-14 07:10,40,10.20,36,40
2023-03-14 07:05,53,8.78,33,38
2023-03-14 07:05,28,9.69,33,38
2023-03-14 07:00,24,22.10,15,24
2023-03-14 07:00,31,20.75,35,40
2023-03-14 06:55,76,15.13,28,34
2023-03-14 06:55,26,18.55,34,38
2023-03-14 06:50,Автомобилей,"Занятость, %","Ср.скорость, км/ч","85 процентиль, км/ч"
2023-03-14 06:50,26,22.81,35,39
2023-03-14 06:45,25,26.68,35,41
2023-03-14 06:45,30,8.03,33,38
2023-03-14 06:40,27,40.65,36,40
2023-03-14 06:35,41,21.02,34,39
2023-03-14 06:35,22,35.84,35,40
2023-03-14 06:30,8,12.47,11,19
2023-03-14 06:30,10,4.71,34,37
2023-03-14 06:25,58,25.32,26,34
2023-03-14 06:25,21,35.37,31,37
2023-03-14 06:20,Автомобилей,"Занятость, %","Ср.скорость, км/ч","85 процентиль, км/ч"
2023-03-14 06:20,22,39.15,34,37
2023-03-14 06:15,13,15.89,33,36
2023-03-14 06:15,14,4.31,36,44
2023-03-14 06:10,10,29.28,35,40
2023-03-14 06:05,13,2.85,32,37
2023-03-14 06:05,6,3.20,30,36
2023-03-14 06:00,4,13.34,19,24
2023-03-14 06:00,10,14.73,35,37
2023-03-14 05:55,15,9.90,17,19
2023-03-14 05:55,2,13.22,36,36
2023-03-14 05:50,Автомобилей,"Занятость, %","Ср.скорость, км/ч","85 процентиль, км/ч"
2023-03-14 05:50,3,13.10,28,28
2023-03-14 05:45,3,18.80,0,0
2023-03-14 05:45,10,2.40,30,32
2023-03-14 05:40,1,0.89,37,37
2023-03-14 05:35,9,9.75,29,36
2023-03-14 05:35,4,17.77,30,40
2023-03-14 05:30,3,1.44,17,22
2023-03-14 05:30,2,2.01,0,0
2023-03-14 05:25,12,11.48,13,15
2023-03-14 05:25,3,16.34,0,0
2023-03-14 05:20,Автомобилей,"Занятость, %","Ср.скорость, км/ч","85 процентиль, км/ч"
2023-03-14 05:20,4,16.95,26,26
2023-03-14 05:15,2,1.60,40,40
2023-03-14 05:15,6,1.47,37,42
2023-03-14 05:10,1,2.88,30,30
2023-03-14 05:05,4,2.15,15,15
2023-03-14 05:05,2,3.74,30,30
2023-03-14 05:00,2,2.32,16,16
2023-03-14 05:00,3,1.90,29,34
2023-03-14 04:55,12,25.14,22,23
2023-03-14 04:55,2,36.50,30,30
2023-03-14 04:50,Автомобилей,"Занятость, %","Ср.скорость, км/ч","85 процентиль, км/ч"
2023-03-14 04:50,1,0.90,30,30
2023-03-14 04:45,0,0.70,0,0
2023-03-14 04:45,6,1.62,28,30
2023-03-14 04:40,0,0.50,0,0
2023-03-14 04:35,6,1.53,33,33
2023-03-14 04:35,3,1.66,30,30
2023-03-14 04:30,2,0.50,6,13
2023-03-14 04:30,0,0.17,0,0
2023-03-14 04:25,3,1.15,10,10
2023-03-14 04:25,2,1.19,30,30
2023-03-14 04:20,Автомобилей,"Занятость, %","Ср.скорость, км/ч","85 процентиль, км/ч"
2023-03-14 04:20,1,0.48,0,0
2023-03-14 04:15,1,1.09,0,0
2023-03-14 04:15,6,1.77,32,40
2023-03-14 04:10,0,1.06,0,0
2023-03-14 04:05,3,0.68,12,12
2023-03-14 04:05,1,0.78,0,0
2023-03-14 04:00,1,6.70,21,21
2023-03-14 04:00,2,6.83,32,32
2023-03-14 03:55,3,2.40,7,7
2023-03-14 03:55,1,3.47,0,0
2023-03-14 03:50,Автомобилей,"Занятость, %","Ср.скорость, км/ч","85 процентиль, км/ч"
2023-03-14 03:50,2,0.91,20,20
2023-03-14 03:45,2,1.11,30,30
2023-03-14 03:45,2,0.80,24,24
2023-03-14 03:40,2,0.83,45,45
2023-03-14 03:35,2,0.62,16,22
2023-03-14 03:35,0,0.51,0,0
2023-03-14 03:30,0,0.00,0,0
2023-03-14 03:30,0,0.07,0,0
2023-03-14 03:25,3,0.54,14,14
2023-03-14 03:25,2,0.67,23,23
2023-03-14 03:20,Автомобилей,"Занятость, %","Ср.скорость, км/ч","85 процентиль, км/ч"
2023-03-14 03:20,3,1.24,35,35
2023-03-14 03:15,2,0.64,35,35
2023-03-14 03:15,1,0.49,0,0
2023-03-14 03:10,1,1.28,45,45
2023-03-14 03:05,1,0.13,18,18
2023-03-14 03:05,0,0.04,0,0
2023-03-14 03:00,2,1.00,17,20
2023-03-14 03:00,1,1.60,0,0
2023-03-14 02:55,2,0.34,10,10
2023-03-14 02:55,0,0.30,0,0
2023-03-14 02:50,Автомобилей,"Занятость, %","Ср.скорость, км/ч","85 процентиль, км/ч"
2023-03-14 02:50,2,1.47,29,30
2023-03-14 02:45,2,13.41,45,45
2023-03-14 02:45,3,1.37,24,26
2023-03-14 02:40,2,4.06,41,41
2023-03-14 02:35,7,9.87,28,31
2023-03-14 02:35,3,18.49,28,28
2023-03-14 02:30,6,2.10,25,37
2023-03-14 02:30,0,1.63,0,0
2023-03-14 02:25,9,0.90,22,28
2023-03-14 02:25,1,1.20,0,0
2023-03-14 02:20,Автомобилей,"Занятость, %","Ср.скорость, км/ч","85 процентиль, км/ч"
2023-03-14 02:20,2,9.91,0,0
2023-03-14 02:15,1,0.88,0,0
2023-03-14 02:15,1,0.29,0,0
2023-03-14 02:10,2,11.12,36,37
2023-03-14 02:05,4,7.33,15,16
2023-03-14 02:05,3,13.76,30,33
2023-03-14 02:00,2,7.67,10,10
2023-03-14 02:00,1,8.02,0,0
2023-03-14 01:55,5,0.99,27,27
2023-03-14 01:55,3,1.24,36,36
2023-03-14 01:50,Автомобилей,"Занятость, %","Ср.скорость, км/ч","85 процентиль, км/ч"
2023-03-14 01:50,0,6.16,0,0
2023-03-14 01:45,0,2.01,0,0
2023-03-14 01:45,9,1.70,37,45
2023-03-14 01:40,1,17.72,0,0
2023-03-14 01:35,5,1.26,34,38
2023-03-14 01:35,1,1.51,37,37
2023-03-14 01:30,0,0.93,0,0
2023-03-14 01:30,7,1.91,28,29
2023-03-14 01:25,12,16.41,26,33
2023-03-14 01:25,2,8.25,29,30
2023-03-14 01:20,Автомобилей,"Занятость, %","Ср.скорость, км/ч","85 процентиль, км/ч"
2023-03-14 01:20,6,2.95,27,28
2023-03-14 01:15,4,5.54,30,33
2023-03-14 01:15,7,2.81,26,33
2023-03-14 01:10,6,9.08,32,36
2023-03-14 01:05,5,1.07,0,0
2023-03-14 01:05,2,1.47,0,0
2023-03-14 01:00,4,31.83,10,18
2023-03-14 01:00,2,17.38,0,0
2023-03-14 00:55,12,13.07,23,26
2023-03-14 00:55,2,18.42,0,0
2023-03-14 00:50,Автомобилей,"Занятость, %","Ср.скорость, км/ч","85 процентиль, км/ч"
2023-03-14 00:50,3,13.67,28,28
2023-03-14 00:45,2,17.03,28,35
2023-03-14 00:45,5,1.69,31,38
2023-03-14 00:40,3,19.88,33,39
2023-03-14 00:35,7,4.89,17,19
2023-03-14 00:35,1,8.45,0,0
2023-03-14 00:30,5,13.91,16,21
2023-03-14 00:30,5,8.60,31,37
2023-03-14 00:25,16,18.74,28,40
2023-03-14 00:25,6,22.52,36,41
2023-03-14 00:20,Автомобилей,"Занятость, %","Ср.скорость, км/ч","85 процентиль, км/ч"
2023-03-14 00:20,2,14.17,0,0
2023-03-14 00:15,3,5.43,33,33
2023-03-14 00:15,7,16.62,28,37
2023-03-14 00:10,2,29.63,36,36
2023-03-14 00:05,8,28.91,30,33
2023-03-14 00:05,2,24.54,29,30
2023-03-14 00:00,7,27.82,9,20
2023-03-14 00:00,6,25.35,32,36
2023-03-13 23:55,16,16.07,26,34
2023-03-13 23:55,5,2.43,34,38
2023-03-13 23:50,Автомобилей,"Занятость, %","Ср.скорость, км/ч","85 процентиль, км/ч"
2023-03-13 23:50,9,16.13,29,33
2023-03-13 23:45,5,6.17,30,30
2023-03-13 23:45,10,86.09,28,38
2023-03-13 23:40,5,14.69,30,30
2023-03-13 23:35,10,8.77,30,36
2023-03-13 23:35,5,15.73,31,36
2023-03-13 23:30,6,15.69,16,27
2023-03-13 23:30,2,13.72,36,36
2023-03-13 23:25,31,22.07,28,33
2023-03-13 23:25,4,30.28,32,37
2023-03-13 23:20,Автомобилей,"Занятость, %","Ср.скорость, км/ч","85 процентиль, км/ч"
2023-03-13 23:20,6,4.67,31,33
2023-03-13 23:15,11,24.48,28,30
2023-03-13 23:15,6,2.70,0,0
2023-03-13 23:10,6,5.01,32,33
2023-03-13 23:05,17,12.52,35,39
2023-03-13 23:05,5,22.72,36,36
2023-03-13 23:00,14,15.16,20,33
2023-03-13 23:00,8,7.32,33,40
2023-03-13 22:55,41,29.30,24,29
2023-03-13 22:55,12,32.79,32,39
2023-03-13 22:50,Автомобилей,"Занятость, %","Ср.скорость, км/ч","85 процентиль, км/ч"
2023-03-13 22:50,10,6.74,33,38
2023-03-13 22:45,15,12.99,31,35
2023-03-13 22:45,16,5.78,28,32
2023-03-13 22:40,12,29.96,35,38
2023-03-13 22:35,15,4.06,35,40
2023-03-13 22:35,7,5.70,32,39
2023-03-13 22:30,21,29.38,18,30
2023-03-13 22:30,6,23.65,32,36
2023-03-13 22:25,35,11.50,27,36
2023-03-13 22:25,7,14.53,35,43
2023-03-13 22:20,Автомобилей,"Занятость, %","Ср.скорость, км/ч","85 процентиль, км/ч"
2023-03-13 22:20,7,7.84,33,38
2023-03-13 22:15,8,9.81,26,26
2023-03-13 22:15,9,2.76,34,38
2023-03-13 22:10,10,17.79,29,32
2023-03-13 22:05,19,18.38,30,35
2023-03-13 22:05,8,33.02,29,35
2023-03-13 22:00,21,48.52,21,38
2023-03-13 22:00,11,33.70,32,38
2023-03-13 21:55,44,18.86,27,34
2023-03-13 21:55,8,17.46,33,36
2023-03-13 21:50,Автомобилей,"Занятость, %","Ср.скорость, км/ч","85 процентиль, км/ч"
2023-03-13 21:50,15,17.71,31,36
2023-03-13 21:45,7,19.32,30,33
2023-03-13 21:45,20,4.29,23,31
2023-03-13 21:40,15,38.68,31,34
2023-03-13 21:35,27,13.44,33,36
2023-03-13 21:35,14,22.63,35,39
2023-03-13 21:30,20,42.10,18,30
2023-03-13 21:30,16,40.48,34,38
2023-03-13 21:25,81,21.33,28,34
2023-03-13 21:25,21,24.37,31,33
2023-03-13 21:20,Автомобилей,"Занятость, %","Ср.скорость, км/ч","85 процентиль, км/ч"
2023-03-13 21:20,19,7.74,33,37
2023-03-13 21:15,14,21.00,32,39
2023-03-13 21:15,16,10.45,30,39
2023-03-13 21:10,18,28.69,33,37
2023-03-13 21:05,33,16.81,32,38
2023-03-13 21:05,17,22.59,33,39
2023-03-13 21:00,30,45.53,19,30
2023-03-13 21:00,30,46.34,29,33
2023-03-13 20:55,55,29.78,25,31
2023-03-13 20:55,10,38.31,30,33
2023-03-13 20:50,Автомобилей,"Занятость, %","Ср.скорость, км/ч","85 процентиль, км/ч"
2023-03-13 20:50,19,36.52,33,38
2023-03-13 20:45,24,24.83,29,34
2023-03-13 20:45,17,12.63,30,32
2023-03-13 20:40,18,23.54,31,36
2023-03-13 20:35,39,10.15,33,37
2023-03-13 20:35,22,8.45,34,38
2023-03-13 20:30,35,54.99,22,30
2023-03-13 20:30,26,27.03,32,33
2023-03-13 20:25,87,28.88,26,31
2023-03-13 20:25,25,24.00,28,31
2023-03-13 20:20,Автомобилей,"Занятость, %","Ср.скорость, км/ч","85 процентиль, км/ч"
2023-03-13 20:20,19,46.11,30,34
2023-03-13 20:15,32,35.09,32,36
2023-03-13 20:15,27,11.07,32,37
2023-03-13 20:10,26,24.23,32,36
2023-03-13 20:05,59,17.30,32,37
2023-03-13 20:05,30,22.81,33,38
2023-03-13 20:00,24,45.69,21,33
2023-03-13 20:00,26,20.67,31,35
2023-03-13 19:55,99,30.85,25,31
2023-03-13 19:55,34,30.81,31,35
2023-03-13 19:50,Автомобилей,"Занятость, %","Ср.скорость, км/ч","85 процентиль, км/ч"
2023-03-13 19:50,26,17.48,31,37
2023-03-13 19:45,25,21.74,31,34
2023-03-13 19:45,39,20.73,31,35
2023-03-13 19:40,17,48.62,28,32
2023-03-13 19:35,58,42.54,30,34
2023-03-13 19:35,25,60.71,30,34
2023-03-13 19:30,70,53.28,19,28
2023-03-13 19:30,18,11.09,32,35
2023-03-13 19:25,121,48.26,26,32
2023-03-13 19:25,24,45.64,33,38
2023-03-13 19:20,Автомобилей,"Занятость, %","Ср.скорость, км/ч","85 процентиль, км/ч"
2023-03-13 19:20,18,37.47,35,41
2023-03-13 19:15,26,21.16,31,36
2023-03-13 19:15,27,19.39,32,38
2023-03-13 19:10,12,41.46,32,35
2023-03-13 19:05,67,17.51,30,34
2023-03-13 19:05,37,21.56,30,34
2023-03-13 19:00,37,80.68,17,24
2023-03-13 19:00,10,51.18,34,38
2023-03-13 18:55,99,32.81,26,31
2023-03-13 18:55,28,37.69,32,36
2023-03-13 18:50,Автомобилей,"Занятость, %","Ср.скорость, км/ч","85 процентиль, км/ч"
2023-03-13 18:50,28,35.54,31,36
2023-03-13 18:45,39,23.64,30,39
2023-03-13 18:45,37,11.51,26,31
2023-03-13 18:40,18,52.28,33,36
2023-03-13 18:35,73,20.20,30,36
2023-03-13 18:35,34,14.41,31,36
2023-03-13 18:30,43,58.34,16,22
2023-03-13 18:30,18,11.26,30,37
2023-03-13 18:25,113,33.05,25,30
2023-03-13 18:25,31,14.64,32,36
2023-03-13 18:20,Автомобилей,"Занятость, %","Ср.скорость, км/ч","85 процентиль, км/ч"
2023-03-13 18:20,29,11.47,32,36
2023-03-13 18:15,28,35.37,34,37
2023-03-13 18:15,30,9.16,30,34
2023-03-13 18:10,26,28.74,33,38
2023-03-13 18:05,66,17.20,31,34
2023-03-13 18:05,35,24.23,33,36
2023-03-13 18:00,31,72.55,17,25
2023-03-13 18:00,28,42.30,31,36
2023-03-13 17:55,98,42.83,27,32
2023-03-13 17:55,29,56.47,33,36
2023-03-13 17:50,Автомобилей,"Занятость, %","Ср.скорость, км/ч","85 процентиль, км/ч"
2023-03-13 17:50,29,22.27,34,38
2023-03-13 17:45,32,19.31,32,37
2023-03-13 17:45,33,12.87,30,38
2023-03-13 17:40,27,35.91,33,38
2023-03-13 17:35,59,41.35,30,36
2023-03-13 17:35,30,67.87,33,37
2023-03-13 17:30,35,80.11,12,18
2023-03-13 17:30,40,38.09,31,34
2023-03-13 17:25,133,40.70,26,32
2023-03-13 17:25,46,24.81,33,39
2023-03-13 17:20,Автомобилей,"Занятость, %","Ср.скорость, км/ч","85 процентиль, км/ч"
2023-03-13 17:20,40,53.87,31,35
2023-03-13 17:15,34,37.26,30,35
2023-03-13 17:15,48,36.87,30,34
2023-03-13 17:10,33,74.51,29,33
2023-03-13 17:05,67,23.13,33,40
2023-03-13 17:05,37,35.89,33,38
2023-03-13 17:00,54,65.46,16,23
2023-03-13 17:00,31,24.22,34,39
2023-03-13 16:55,113,34.50,25,32
2023-03-13 16:55,34,43.87,31,36
2023-03-13 16:50,Автомобилей,"Занятость, %","Ср.скорость, км/ч","85 процентиль, км/ч"
2023-03-13 16:50,25,45.53,34,38
2023-03-13 16:45,43,39.13,29,36
2023-03-13 16:45,45,75.02,28,36
2023-03-13 16:40,26,34.78,23,30
2023-03-13 16:35,70,83.74,21,29
2023-03-13 16:35,49,70.12,27,36
2023-03-13 16:30,25,83.08,13,19
2023-03-13 16:30,31,61.85,28,38
2023-03-13 16:25,119,65.87,21,28
2023-03-13 16:25,44,47.73,31,39
2023-03-13 16:20,Автомобилей,"Занятость, %","Ср.скорость, км/ч","85 процентиль, км/ч"
2023-03-13 16:20,36,27.23,33,39
2023-03-13 16:15,39,37.77,32,37
2023-03-13 16:15,28,99.16,30,38
2023-03-13 16:10,31,10.12,30,35
2023-03-13 16:05,70,56.65,31,37
2023-03-13 16:05,37,13.88,32,38
2023-03-13 16:00,25,52.88,18,27
2023-03-13 16:00,27,9.67,32,36
2023-03-13 15:55,131,55.99,27,32
2023-03-13 15:55,40,32.14,32,36
2023-03-13 15:50,Автомобилей,"Занятость, %","Ср.скорость, км/ч","85 процентиль, км/ч"
2023-03-13 15:50,37,49.06,32,36
2023-03-13 15:45,39,45.21,33,38
2023-03-13 15:45,34,98.98,30,34
2023-03-13 15:40,23,48.48,34,39
2023-03-13 15:35,59,71.74,30,34
2023-03-13 15:35,31,44.34,31,33
2023-03-13 15:30,41,32.51,21,30
2023-03-13 15:30,36,32.54,30,34
2023-03-13 15:25,118,32.40,27,32
2023-03-13 15:25,30,38.40,32,36
2023-03-13 15:20,Автомобилей,"Занятость, %","Ср.скорость, км/ч","85 процентиль, км/ч"
2023-03-13 15:20,28,25.57,34,38
2023-03-13 15:15,28,13.80,32,36
2023-03-13 15:15,33,9.66,30,36
2023-03-13 15:10,24,33.47,34,40
2023-03-13 15:05,51,11.63,33,39
2023-03-13 15:05,31,16.92,33,39
2023-03-13 15:00,45,72.00,18,26
2023-03-13 15:00,35,19.22,31,35
2023-03-13 14:55,127,46.55,27,31
2023-03-13 14:55,44,15.02,32,36
2023-03-13 14:50,Автомобилей,"Занятость, %","Ср.скорость, км/ч","85 процентиль, км/ч"
2023-03-13 14:50,29,12.66,35,39
2023-03-13 14:45,35,13.03,31,35
2023-03-13 14:45,31,9.70,33,41
2023-03-13 14:40,40,51.47,31,38
2023-03-13 14:35,57,16.60,32,37
2023-03-13 14:35,32,24.21,31,36
2023-03-13 14:30,47,68.72,19,28
2023-03-13 14:30,33,65.73,32,37
2023-03-13 14:25,110,36.37,29,34
2023-03-13 14:25,33,48.21,33,37
2023-03-13 14:20,Автомобилей,"Занятость, %","Ср.скорость, км/ч","85 процентиль, км/ч"
2023-03-13 14:20,35,51.65,32,39
2023-03-13 14:15,22,54.77,35,40
2023-03-13 14:15,22,7.76,37,42
2023-03-13 14:10,28,31.60,31,35
2023-03-13 14:05,73,50.04,33,38
2023-03-13 14:05,38,31.13,33,39
2023-03-13 14:00,47,65.52,17,25
2023-03-13 14:00,41,43.78,31,35
2023-03-13 13:55,142,68.72,27,33
2023-03-13 13:55,44,34.96,32,36
2023-03-13 13:50,Автомобилей,"Занятость, %","Ср.скорость, км/ч","85 процентиль, км/ч"
2023-03-13 13:50,45,34.48,32,36
2023-03-13 13:45,41,25.48,33,37
2023-03-13 13:45,34,99.96,30,35
2023-03-13 13:40,35,64.53,34,38
2023-03-13 13:35,45,8.36,33,38
2023-03-13 13:35,26,10.33,35,38
2023-03-13 13:30,45,63.41,16,24
2023-03-13 13:30,38,43.09,34,39
2023-03-13 13:25,116,43.83,25,31
2023-03-13 13:25,31,47.46,29,33
2023-03-13 13:20,Автомобилей,"Занятость, %","Ср.скорость, км/ч","85 процентиль, км/ч"
2023-03-13 13:20,28,57.11,33,39
2023-03-13 13:15,40,38.89,33,36
2023-03-13 13:15,32,98.46,31,36
2023-03-13 13:10,50,37.03,30,35
2023-03-13 13:05,70,48.24,31,37
2023-03-13 13:05,33,55.76,31,35
2023-03-13 13:00,34,75.93,18,25
2023-03-13 13:00,34,33.48,32,35
2023-03-13 12:55,132,48.34,27,33
2023-03-13 12:55,45,26.86,33,37
2023-03-13 12:50,Автомобилей,"Занятость, %","Ср.скорость, км/ч","85 процентиль, км/ч"
2023-03-13 12:50,33,13.77,34,38
2023-03-13 12:45,39,57.40,32,38
2023-03-13 12:45,30,11.24,27,37
2023-03-13 12:40,38,15.01,31,37
2023-03-13 12:35,75,27.26,32,37
2023-03-13 12:35,40,24.31,33,36
2023-03-13 12:30,39,65.23,18,27
2023-03-13 12:30,27,30.35,32,38
2023-03-13 12:25,102,53.30,26,34
2023-03-13 12:25,30,43.08,33,37
2023-03-13 12:20,Автомобилей,"Занятость, %","Ср.скорость, км/ч","85 процентиль, км/ч"
2023-03-13 12:20,35,51.51,33,38
2023-03-13 12:15,34,37.23,30,34
2023-03-13 12:15,39,90.98,26,34
2023-03-13 12:10,53,34.05,28,33
2023-03-13 12:05,85,62.75,30,37
2023-03-13 12:05,44,40.70,31,37
2023-03-13 12:00,47,60.53,19,26
2023-03-13 12:00,35,23.15,32,36
2023-03-13 11:55,102,63.69,29,33
2023-03-13 11:55,24,28.19,32,35
2023-03-13 11:50,Автомобилей,"Занятость, %","Ср.скорость, км/ч","85 процентиль, км/ч"
2023-03-13 11:50,33,30.92,31,36
2023-03-13 11:45,43,32.52,32,36
2023-03-13 11:45,39,83.95,30,35
2023-03-13 11:40,26,42.00,33,38
2023-03-13 11:35,70,55.67,33,37
2023-03-13 11:35,34,27.18,33,36
2023-03-13 11:30,52,73.85,18,24
2023-03-13 11:30,44,50.79,32,36
2023-03-13 11:25,121,68.08,27,33
2023-03-13 11:25,35,50.20,31,35
2023-03-13 11:20,Автомобилей,"Занятость, %","Ср.скорость, км/ч","85 процентиль, км/ч"
2023-03-13 11:20,29,31.54,35,40
2023-03-13 11:15,33,29.75,33,37
2023-03-13 11:15,42,91.13,31,37
2023-03-13 11:10,27,31.10,31,35
2023-03-13 11:05,85,75.58,31,36
2023-03-13 11:05,36,52.42,34,37
2023-03-13 11:00,43,72.56,18,27
2023-03-13 11:00,38,36.65,29,38
2023-03-13 10:55,116,71.99,28,33
2023-03-13 10:55,30,42.65,33,37
2023-03-13 10:50,Автомобилей,"Занятость, %","Ср.скорость, км/ч","85 процентиль, км/ч"
2023-03-13 10:50,32,48.29,33,37
2023-03-13 10:45,34,28.16,33,36
2023-03-13 10:45,31,97.70,32,35
2023-03-13 10:40,41,33.08,33,39
2023-03-13 10:35,60,58.81,34,45
2023-03-13 10:35,28,29.96,34,46
2023-03-13 10:30,35,51.99,20,31
2023-03-13 10:30,36,27.29,35,40
2023-03-13 10:25,123,62.51,28,36
2023-03-13 10:25,43,41.25,32,35
2023-03-13 10:20,Автомобилей,"Занятость, %","Ср.скорость, км/ч","85 процентиль, км/ч"
2023-03-13 10:20,33,46.48,31,36
2023-03-13 10:15,29,13.08,30,35
2023-03-13 10:15,28,99.24,27,37
2023-03-13 10:10,28,10.08,29,35
2023-03-13 10:05,49,66.32,32,38
2023-03-13 10:05,28,33.77,32,37
2023-03-13 10:00,51,67.50,16,22
2023-03-13 10:00,37,35.65,33,38
2023-03-13 09:55,100,48.38,28,33
2023-03-13 09:55,31,11.22,32,35
2023-03-13 09:50,Автомобилей,"Занятость, %","Ср.скорость, км/ч","85 процентиль, км/ч"
2023-03-13 09:50,44,48.09,25,31
2023-03-13 09:45,23,48.08,34,41
2023-03-13 09:45,26,99.72,36,41
2023-03-13 09:40,37,17.66,30,36
2023-03-13 09:35,67,67.84,31,35
2023-03-13 09:35,38,35.99,32,35
2023-03-13 09:30,42,61.51,20,29
2023-03-13 09:30,51,37.33,33,37
2023-03-13 09:25,90,20.78,27,34
2023-03-13 09:25,30,11.19,34,38
2023-03-13 09:20,Автомобилей,"Занятость, %","Ср.скорость, км/ч","85 процентиль, км/ч"
2023-03-13 09:20,47,31.05,32,38
2023-03-13 09:15,47,14.87,35,39
2023-03-13 09:15,34,44.15,25,31
2023-03-13 09:10,46,39.91,32,37
2023-03-13 09:05,60,40.19,35,40
2023-03-13 09:05,29,46.39,36,39
2023-03-13 09:00,38,42.51,21,29
2023-03-13 09:00,45,41.99,32,36
2023-03-13 08:55,97,26.39,28,33
2023-03-13 08:55,33,29.73,34,38
2023-03-13 08:50,Автомобилей,"Занятость, %","Ср.скорость, км/ч","85 процентиль, км/ч"
2023-03-13 08:50,57,17.43,31,35
2023-03-13 08:45,46,52.02,33,37
2023-03-13 08:45,34,9.30,32,36
2023-03-13 08:40,63,22.83,30,34
2023-03-13 08:35,74,25.56,32,36
2023-03-13 08:35,42,41.58,32,35
2023-03-13 08:30,46,17.28,22,27
2023-03-13 08:30,61,16.49,33,37
2023-03-13 08:25,135,34.02,26,32
2023-03-13 08:25,43,11.95,31,37
2023-03-13 08:20,Автомобилей,"Занятость, %","Ср.скорость, км/ч","85 процентиль, км/ч"
2023-03-13 08:20,55,62.97,32,36
2023-03-13 08:15,28,27.82,35,40
2023-03-13 08:15,36,8.80,31,38
2023-03-13 08:10,47,13.56,34,37
2023-03-13 08:05,78,22.96,29,35
2023-03-13 08:05,39,35.45,30,35
2023-03-13 08:00,42,63.67,20,29
2023-03-13 08:00,48,62.75,34,38
2023-03-13 07:55,89,30.56,27,33
2023-03-13 07:55,30,23.38,33,37
2023-03-13 07:50,Автомобилей,"Занятость, %","Ср.скорость, км/ч","85 процентиль, км/ч"
2023-03-13 07:50,54,27.59,33,37
2023-03-13 07:45,39,13.36,34,41
2023-03-13 07:45,34,9.56,31,35
2023-03-13 07:40,48,15.89,34,39
2023-03-13 07:35,67,23.23,31,35
2023-03-13 07:35,33,37.28,33,37
2023-03-13 07:30,27,55.99,17,28
2023-03-13 07:30,37,32.99,31,36
2023-03-13 07:25,79,26.16,27,33
2023-03-13 07:25,23,9.48,36,40
2023-03-13 07:20,Автомобилей,"Занятость, %","Ср.скорость, км/ч","85 процентиль, км/ч"
2023-03-13 07:20,32,34.88,31,34
2023-03-13 07:15,26,9.60,34,39
2023-03-13 07:15,40,9.43,32,36
2023-03-13 07:10,41,32.08,34,39
2023-03-13 07:05,55,21.01,34,38
2023-03-13 07:05,28,34.85,37,41
2023-03-13 07:00,25,35.95,19,30
2023-03-13 07:00,33,11.19,34,38
2023-03-13 06:55,94,23.78,27,32
2023-03-13 06:55,34,12.17,33,37
2023-03-13 06:50,Автомобилей,"Занятость, %","Ср.скорость, км/ч","85 процентиль, км/ч"
2023-03-13 06:50,22,9.84,35,41
2023-03-13 06:45,19,30.59,34,38
2023-03-13 06:45,26,7.39,32,36
2023-03-13 06:40,15,7.15,34,38
2023-03-13 06:35,36,18.31,34,39
2023-03-13 06:35,14,31.01,36,40
2023-03-13 06:30,12,21.48,13,28
2023-03-13 06:30,18,20.13,32,41
2023-03-13 06:25,58,14.21,28,38
2023-03-13 06:25,18,13.81,36,40
2023-03-13 06:20,Автомобилей,"Занятость, %","Ср.скорость, км/ч","85 процентиль, км/ч"
2023-03-13 06:20,14,7.51,33,36
2023-03-13 06:15,12,10.44,34,37
2023-03-13 06:15,30,12.11,30,35
2023-03-13 06:10,12,15.76,37,43
2023-03-13 06:05,18,7.21,35,40
2023-03-13 06:05,8,11.21,35,40
2023-03-13 06:00,2,16.74,13,19
2023-03-13 06:00,6,16.77,31,38
2023-03-13 05:55,19,3.48,10,12
2023-03-13 05:55,6,2.57,0,0
2023-03-13 05:50,Автомобилей,"Занятость, %","Ср.скорость, км/ч","85 процентиль, км/ч"
2023-03-13 05:50,7,13.93,34,36
2023-03-13 05:45,3,17.56,0,0
2023-03-13 05:45,9,2.36,28,31
2023-03-13 05:40,9,3.58,33,33
2023-03-13 05:35,12,3.74,18,23
2023-03-13 05:35,5,5.93,0,0
2023-03-13 05:30,2,28.98,0,0
2023-03-13 05:30,5,20.54,35,49
2023-03-13 05:25,12,9.72,0,0
2023-03-13 05:25,6,8.58,0,0
2023-03-13 05:20,Автомобилей,"Занятость, %","Ср.скорость, км/ч","85 процентиль, км/ч"
2023-03-13 05:20,1,24.40,0,0
2023-03-13 05:15,1,2.35,36,36
2023-03-13 05:15,4,1.01,35,41
2023-03-13 05:10,3,9.39,38,42
2023-03-13 05:05,4,3.52,36,39
2023-03-13 05:05,1,6.24,31,31
2023-03-13 05:00,7,32.69,8,16
2023-03-13 05:00,2,30.25,30,39
2023-03-13 04:55,8,1.75,24,24
2023-03-13 04:55,1,1.89,36,36
2023-03-13 04:50,Автомобилей,"Занятость, %","Ср.скорость, км/ч","85 процентиль, км/ч"
2023-03-13 04:50,4,1.10,33,33
2023-03-13 04:45,2,2.07,0,0
2023-03-13 04:45,4,1.49,35,43
2023-03-13 04:40,5,15.26,38,45
2023-03-13 04:35,5,0.81,16,17
2023-03-13 04:35,1,0.84,0,0
2023-03-13 04:30,1,0.23,21,21
2023-03-13 04:30,1,0.61,0,0
2023-03-13 04:25,5,1.49,0,0
2023-03-13 04:25,0,1.36,0,0
2023-03-13 04:20,Автомобилей,"Занятость, %","Ср.скорость, км/ч","85 процентиль, км/ч"
2023-03-13 04:20,1,2.00,36,36
2023-03-13 04:15,2,0.85,29,40
2023-03-13 04:15,1,2.09,0,0
2023-03-13 04:10,1,0.69,0,0
2023-03-13 04:05,3,0.80,12,13
2023-03-13 04:05,1,0.51,0,0
2023-03-13 04:00,0,0.03,0,0
2023-03-13 04:00,1,0.13,0,0
2023-03-13 03:55,5,0.84,19,24
2023-03-13 03:55,2,0.67,32,32
2023-03-13 03:50,Автомобилей,"Занятость, %","Ср.скорость, км/ч","85 процентиль, км/ч"
2023-03-13 03:50,2,0.58,30,34
2023-03-13 03:45,0,5.60,0,0
2023-03-13 03:45,2,0.68,25,26
2023-03-13 03:40,3,1.55,29,29
2023-03-13 03:35,6,1.58,26,29
2023-03-13 03:35,2,1.87,26,32
2023-03-13 03:30,3,12.72,0,0
2023-03-13 03:30,0,12.60,0,0
2023-03-13 03:25,9,4.17,22,22
2023-03-13 03:25,4,1.94,30,30
2023-03-13 03:20,Автомобилей,"Занятость, %","Ср.скорость, км/ч","85 процентиль, км/ч"
2023-03-13 03:20,1,3.04,0,0
2023-03-13 03:15,3,22.96,26,26
2023-03-13 03:15,5,1.92,35,41
2023-03-13 03:10,2,1.03,28,28
2023-03-13 03:05,2,6.00,18,18
2023-03-13 03:05,0,11.57,0,0
2023-03-13 03:00,1,0.63,0,0
2023-03-13 03:00,2,0.97,35,35
2023-03-13 02:55,8,3.24,9,9
2023-03-13 02:55,1,1.77,0,0
2023-03-13 02:50,Автомобилей,"Занятость, %","Ср.скорость, км/ч","85 процентиль, км/ч"
2023-03-13 02:50,3,0.84,23,23
2023-03-13 02:45,3,1.73,25,25
2023-03-13 02:45,0,0.23,0,0
2023-03-13 02:40,1,2.94,36,36
2023-03-13 02:35,1,0.68,0,0
2023-03-13 02:35,0,0.99,0,0
2023-03-13 02:30,2,1.39,0,0
2023-03-13 02:30,0,1.50,0,0
2023-03-13 02:25,5,0.63,18,18
2023-03-13 02:25,1,0.61,34,34
2023-03-13 02:20,Автомобилей,"Занятость, %","Ср.скорость, км/ч","85 процентиль, км/ч"
2023-03-13 02:20,2,1.78,36,36
2023-03-13 02:15,0,0.49,0,0
2023-03-13 02:15,4,1.07,33,39
2023-03-13 02:10,1,0.88,20,20
2023-03-13 02:05,2,1.03,16,16
2023-03-13 02:05,1,1.61,0,0
2023-03-13 02:00,2,0.87,0,0
2023-03-13 02:00,2,0.76,0,0
2023-03-13 01:55,10,3.74,25,25
2023-03-13 01:55,4,1.71,32,34
2023-03-13 01:50,Автомобилей,"Занятость, %","Ср.скорость, км/ч","85 процентиль, км/ч"
2023-03-13 01:50,1,18.08,32,32
2023-03-13 01:45,4,14.70,36,41
2023-03-13 01:45,5,1.63,27,28
2023-03-13 01:40,2,5.08,35,43
2023-03-13 01:35,8,1.53,30,35
2023-03-13 01:35,3,1.64,32,37
2023-03-13 01:30,6,13.71,17,17
2023-03-13 01:30,6,8.07,30,33
2023-03-13 01:25,10,14.18,19,22
2023-03-13 01:25,1,20.61,30,30
2023-03-13 01:20,Автомобилей,"Занятость, %","Ср.скорость, км/ч","85 процентиль, км/ч"
2023-03-13 01:20,2,1.51,23,23
2023-03-13 01:15,1,3.13,0,0
2023-03-13 01:15,5,1.24,30,33
2023-03-13 01:10,0,3.27,0,0
2023-03-13 01:05,8,9.85,15,18
2023-03-13 01:05,1,18.52,0,0
2023-03-13 01:00,6,14.05,0,0
2023-03-13 01:00,4,14.28,35,40
2023-03-13 00:55,10,6.24,19,21
2023-03-13 00:55,2,4.14,29,29
2023-03-13 00:50,Автомобилей,"Занятость, %","Ср.скорость, км/ч","85 процентиль, км/ч"
2023-03-13 00:50,2,21.66,0,0
2023-03-13 00:45,3,11.00,28,28
2023-03-13 00:45,5,1.62,25,25
2023-03-13 00:40,3,8.64,30,30
2023-03-13 00:35,11,9.69,31,34
2023-03-13 00:35,5,17.44,30,30
2023-03-13 00:30,7,9.44,0,0
2023-03-13 00:30,3,3.43,33,33
2023-03-13 00:25,17,2.44,20,23
2023-03-13 00:25,7,2.75,32,37
2023-03-13 00:20,Автомобилей,"Занятость, %","Ср.скорость, км/ч","85 процентиль, км/ч"
2023-03-13 00:20,5,4.03,31,34
2023-03-13 00:15,5,12.18,30,30
2023-03-13 00:15,7,1.73,41,47
2023-03-13 00:10,3,7.51,0,0
2023-03-13 00:05,10,13.12,30,34
2023-03-13 00:05,3,23.75,27,30
2023-03-13 00:00,9,19.56,0,0
2023-03-13 00:00,6,7.29,39,41
2023-03-12 23:55,27,6.62,22,24
2023-03-12 23:55,6,2.45,36,36
2023-03-12 23:50,Автомобилей,"Занятость, %","Ср.скорость, км/ч","85 процентиль, км/ч"
2023-03-12 23:50,2,17.84,36,36
2023-03-12 23:45,2,24.60,30,30
2023-03-12 23:45,7,83.02,30,39
2023-03-12 23:40,6,14.93,32,38
2023-03-12 23:35,10,2.76,32,38
2023-03-12 23:35,7,3.58,35,37
2023-03-12 23:30,11,14.91,0,0
2023-03-12 23:30,6,7.41,29,37
2023-03-12 23:25,17,15.20,18,18
2023-03-12 23:25,6,20.33,36,36
2023-03-12 23:20,Автомобилей,"Занятость, %","Ср.скорость, км/ч","85 процентиль, км/ч"
2023-03-12 23:20,7,9.48,32,36
2023-03-12 23:15,3,9.75,0,0
2023-03-12 23:15,11,3.42,34,43
2023-03-12 23:10,8,3.73,31,36
2023-03-12 23:05,21,3.98,32,37
2023-03-12 23:05,8,4.11,37,43
2023-03-12 23:00,6,35.09,0,0
2023-03-12 23:00,9,34.78,30,33
2023-03-12 22:55,33,11.55,22,27
2023-03-12 22:55,5,13.34,34,40
2023-03-12 22:50,Автомобилей,"Занятость, %","Ср.скорость, км/ч","85 процентиль, км/ч"
2023-03-12 22:50,15,9.61,35,42
2023-03-12 22:45,10,8.45,34,37
2023-03-12 22:45,13,4.28,31,39
2023-03-12 22:40,10,4.18,29,35
2023-03-12 22:35,15,4.27,35,37
2023-03-12 22:35,6,5.85,32,33
2023-03-12 22:30,9,28.73,0,0
2023-03-12 22:30,10,18.26,31,32
2023-03-12 22:25,47,20.62,20,26
2023-03-12 22:25,10,25.81,26,41
2023-03-12 22:20,Автомобилей,"Занятость, %","Ср.скорость, км/ч","85 процентиль, км/ч"
2023-03-12 22:20,12,25.14,28,32
2023-03-12 22:15,14,20.63,31,37
2023-03-12 22:15,17,5.53,33,37
2023-03-12 22:10,22,57.37,30,37
2023-03-12 22:05,19,13.16,35,39
2023-03-12 22:05,7,22.94,36,37
2023-03-12 22:00,25,29.03,0,0
2023-03-12 22:00,10,25.90,36,41
2023-03-12 21:55,65,19.24,23,27
2023-03-12 21:55,12,16.46,38,40
2023-03-12 21:50,Автомобилей,"Занятость, %","Ср.скорость, км/ч","85 процентиль, км/ч"
2023-03-12 21:50,11,16.87,36,42
2023-03-12 21:45,16,16.24,34,39
2023-03-12 21:45,18,6.80,32,40
2023-03-12 21:40,12,33.79,32,36
2023-03-12 21:35,36,11.20,33,37
2023-03-12 21:35,18,14.97,34,40
2023-03-12 21:30,23,35.28,0,0
2023-03-12 21:30,10,34.47,37,43
2023-03-12 21:25,81,27.07,21,26
2023-03-12 21:25,18,21.52,33,44
2023-03-12 21:20,Автомобилей,"Занятость, %","Ср.скорость, км/ч","85 процентиль, км/ч"
2023-03-12 21:20,11,7.29,33,37
2023-03-12 21:15,21,18.08,33,37
2023-03-12 21:15,16,6.15,34,39
2023-03-12 21:10,10,18.56,34,37
2023-03-12 21:05,32,20.94,34,41
2023-03-12 21:05,13,34.88,33,38
2023-03-12 21:00,16,16.98,0,0
2023-03-12 21:00,14,6.15,31,36
2023-03-12 20:55,47,11.31,22,25
2023-03-12 20:55,10,13.80,36,40
2023-03-12 20:50,Автомобилей,"Занятость, %","Ср.скорость, км/ч","85 процентиль, км/ч"
2023-03-12 20:50,14,39.04,29,34
2023-03-12 20:45,15,7.94,38,40
2023-03-12 20:45,14,4.73,34,39
2023-03-12 20:40,14,42.92,31,36
2023-03-12 20:35,41,17.76,32,37
2023-03-12 20:35,23,28.12,34,38
2023-03-12 20:30,85,28.66,0,0
2023-03-12 20:30,19,9.57,33,41
2023-03-12 20:25,54,18.11,21,24
2023-03-12 20:25,12,20.60,31,35
2023-03-12 20:20,Автомобилей,"Занятость, %","Ср.скорость, км/ч","85 процентиль, км/ч"
2023-03-12 20:20,18,12.32,30,36
2023-03-12 20:15,20,9.50,33,37
2023-03-12 20:15,20,14.74,32,40
2023-03-12 20:10,16,23.98,34,38
2023-03-12 20:05,41,14.50,32,37
2023-03-12 20:05,24,22.78,33,39
2023-03-12 20:00,20,13.09,0,0
2023-03-12 20:00,12,6.41,33,40
2023-03-12 19:55,74,27.46,21,25
2023-03-12 19:55,22,26.63,35,41
2023-03-12 19:50,Автомобилей,"Занятость, %","Ср.скорость, км/ч","85 процентиль, км/ч"
2023-03-12 19:50,11,8.61,39,44
2023-03-12 19:45,29,19.75,33,37
2023-03-12 19:45,26,9.22,31,34
2023-03-12 19:40,19,13.91,31,35
2023-03-12 19:35,55,14.02,33,40
2023-03-12 19:35,29,19.56,36,43
2023-03-12 19:30,39,67.59,0,0
2023-03-12 19:30,16,31.29,35,40
2023-03-12 19:25,107,20.93,20,23
2023-03-12 19:25,24,11.26,31,34
2023-03-12 19:20,Автомобилей,"Занятость, %","Ср.скорость, км/ч","85 процентиль, км/ч"
2023-03-12 19:20,22,30.37,31,37
2023-03-12 19:15,19,32.96,33,39
2023-03-12 19:15,27,8.44,32,38
2023-03-12 19:10,14,17.73,34,41
2023-03-12 19:05,55,10.55,31,36
2023-03-12 19:05,25,11.12,30,34
2023-03-12 19:00,42,32.51,21,21
2023-03-12 19:00,20,12.19,31,34
2023-03-12 18:55,67,28.81,28,35
2023-03-12 18:55,17,20.83,33,37
2023-03-12 18:50,Автомобилей,"Занятость, %","Ср.скорость, км/ч","85 процентиль, км/ч"
2023-03-12 18:50,17,28.87,29,33
2023-03-12 18:45,25,10.16,33,36
2023-03-12 18:45,20,17.14,30,37
2023-03-12 18:40,21,9.58,33,37
2023-03-12 18:35,55,12.21,32,37
2023-03-12 18:35,25,15.71,32,37
2023-03-12 18:30,48,74.47,17,21
2023-03-12 18:30,33,13.97,33,36
2023-03-12 18:25,97,26.64,27,32
2023-03-12 18:25,25,25.91,32,37
2023-03-12 18:20,Автомобилей,"Занятость, %","Ср.скорость, км/ч","85 процентиль, км/ч"
2023-03-12 18:20,25,31.34,32,38
2023-03-12 18:15,20,29.45,34,39
2023-03-12 18:15,23,7.18,29,34
2023-03-12 18:10,28,13.74,28,33
2023-03-12 18:05,58,24.87,32,36
2023-03-12 18:05,28,40.68,34,38
2023-03-12 18:00,49,32.52,14,22
2023-03-12 18:00,28,25.28,34,38
2023-03-12 17:55,87,18.25,28,33
2023-03-12 17:55,27,11.48,33,37
2023-03-12 17:50,Автомобилей,"Занятость, %","Ср.скорость, км/ч","85 процентиль, км/ч"
2023-03-12 17:50,32,12.84,32,36
2023-03-12 17:45,15,50.58,34,40
2023-03-12 17:45,19,4.81,32,36
2023-03-12 17:40,29,33.15,34,41
2023-03-12 17:35,49,19.14,34,39
2023-03-12 17:35,24,31.72,35,39
2023-03-12 17:30,37,47.18,20,29
2023-03-12 17:30,22,26.93,32,38
2023-03-12 17:25,85,28.85,27,34
2023-03-12 17:25,23,33.14,30,38
2023-03-12 17:20,Автомобилей,"Занятость, %","Ср.скорость, км/ч","85 процентиль, км/ч"
2023-03-12 17:20,30,27.27,33,38
2023-03-12 17:15,23,28.44,32,35
2023-03-12 17:15,29,8.00,31,35
2023-03-12 17:10,26,65.60,34,38
2023-03-12 17:05,59,22.83,33,37
2023-03-12 17:05,35,36.44,35,40
2023-03-12 17:00,45,35.91,19,25
2023-03-12 17:00,36,34.36,35,39
2023-03-12 16:55,99,28.22,28,34
2023-03-12 16:55,34,24.71,35,38
2023-03-12 16:50,Автомобилей,"Занятость, %","Ср.скорость, км/ч","85 процентиль, км/ч"
2023-03-12 16:50,25,24.74,34,40
2023-03-12 16:45,29,65.41,35,40
2023-03-12 16:45,28,7.79,33,38
2023-03-12 16:40,18,47.63,33,37
2023-03-12 16:35,51,26.38,34,39
2023-03-12 16:35,28,46.38,37,42
2023-03-12 16:30,43,57.20,19,25
2023-03-12 16:30,26,32.60,35,38
2023-03-12 16:25,91,40.30,28,34
2023-03-12 16:25,23,43.94,36,40
2023-03-12 16:20,Автомобилей,"Занятость, %","Ср.скорость, км/ч","85 процентиль, км/ч"
2023-03-12 16:20,26,44.99,33,38
2023-03-12 16:15,37,28.06,32,36
2023-03-12 16:15,34,9.77,32,36
2023-03-12 16:10,29,33.03,33,37
2023-03-12 16:05,79,20.08,31,37
2023-03-12 16:05,36,28.89,33,36
2023-03-12 16:00,29,24.21,20,32
2023-03-12 16:00,27,13.42,34,38
2023-03-12 15:55,101,38.11,29,34
2023-03-12 15:55,39,31.64,35,40
2023-03-12 15:50,Автомобилей,"Занятость, %","Ср.скорость, км/ч","85 процентиль, км/ч"
2023-03-12 15:50,17,38.75,35,48
2023-03-12 15:45,26,21.01,35,40
2023-03-12 15:45,24,6.24,36,43
2023-03-12 15:40,28,15.07,34,38
2023-03-12 15:35,61,9.07,35,40
2023-03-12 15:35,28,10.52,34,39
2023-03-12 15:30,48,66.74,20,28
2023-03-12 15:30,28,10.72,34,40
2023-03-12 15:25,81,39.40,29,37
2023-03-12 15:25,24,54.63,35,40
2023-03-12 15:20,Автомобилей,"Занятость, %","Ср.скорость, км/ч","85 процентиль, км/ч"
2023-03-12 15:20,22,64.60,33,37
2023-03-12 15:15,27,64.51,32,37
2023-03-12 15:15,31,9.14,32,37
2023-03-12 15:10,33,33.02,36,41
2023-03-12 15:05,55,8.95,34,38
2023-03-12 15:05,34,10.57,36,40
2023-03-12 15:00,48,35.00,20,28
2023-03-12 15:00,37,30.19,34,38
2023-03-12 14:55,100,25.57,28,35
2023-03-12 14:55,31,32.36,33,37
2023-03-12 14:50,Автомобилей,"Занятость, %","Ср.скорость, км/ч","85 процентиль, км/ч"
2023-03-12 14:50,30,30.81,33,37
2023-03-12 14:45,28,10.96,33,39
2023-03-12 14:45,24,8.13,28,37
2023-03-12 14:40,27,31.72,34,38
2023-03-12 14:35,60,10.16,33,38
2023-03-12 14:35,33,11.69,36,41
2023-03-12 14:30,40,67.89,18,26
2023-03-12 14:30,23,37.87,31,35
2023-03-12 14:25,92,60.41,28,34
2023-03-12 14:25,29,59.98,34,39
2023-03-12 14:20,Автомобилей,"Занятость, %","Ср.скорость, км/ч","85 процентиль, км/ч"
2023-03-12 14:20,36,50.01,33,38
2023-03-12 14:15,31,10.71,34,37
2023-03-12 14:15,33,8.18,32,35
2023-03-12 14:10,28,27.80,32,37
2023-03-12 14:05,76,21.26,32,36
2023-03-12 14:05,40,30.11,33,36
2023-03-12 14:00,54,67.66,19,27
2023-03-12 14:00,26,30.62,33,37
2023-03-12 13:55,103,43.19,28,35
2023-03-12 13:55,27,49.21,34,40
2023-03-12 13:50,Автомобилей,"Занятость, %","Ср.скорость, км/ч","85 процентиль, км/ч"
2023-03-12 13:50,21,46.95,34,38
2023-03-12 13:45,29,27.68,34,39
2023-03-12 13:45,24,6.89,34,39
2023-03-12 13:40,33,42.32,31,36
2023-03-12 13:35,57,21.29,32,38
2023-03-12 13:35,24,33.91,34,39
2023-03-12 13:30,32,54.48,20,30
2023-03-12 13:30,24,26.65,35,41
2023-03-12 13:25,101,33.77,27,33
2023-03-12 13:25,29,40.93,35,39
2023-03-12 13:20,Автомобилей,"Занятость, %","Ср.скорость, км/ч","85 процентиль, км/ч"
2023-03-12 13:20,36,15.43,34,38
2023-03-12 13:15,31,32.95,34,39
2023-03-12 13:15,32,8.47,31,37
2023-03-12 13:10,21,48.68,33,39
2023-03-12 13:05,61,31.11,33,37
2023-03-12 13:05,33,54.35,33,38
2023-03-12 13:00,40,38.76,18,27
2023-03-12 13:00,31,10.70,34,38
2023-03-12 12:55,107,29.99,28,35
2023-03-12 12:55,34,30.85,34,39
2023-03-12 12:50,Автомобилей,"Занятость, %","Ср.скорость, км/ч","85 процентиль, км/ч"
2023-03-12 12:50,28,14.61,34,38
2023-03-12 12:45,32,33.16,32,36
2023-03-12 12:45,35,9.17,31,36
2023-03-12 12:40,34,61.00,36,40
2023-03-12 12:35,51,27.28,29,35
2023-03-12 12:35,20,46.26,32,36
2023-03-12 12:30,38,54.92,18,28
2023-03-12 12:30,17,22.93,32,37
2023-03-12 12:25,78,27.08,29,37
2023-03-12 12:25,16,28.93,35,40
2023-03-12 12:20,Автомобилей,"Занятость, %","Ср.скорость, км/ч","85 процентиль, км/ч"
2023-03-12 12:20,28,10.41,34,38
2023-03-12 12:15,28,20.98,36,39
2023-03-12 12:15,28,7.07,31,34
2023-03-12 12:10,24,24.07,31,37
2023-03-12 12:05,47,16.86,33,39
2023-03-12 12:05,21,26.90,32,39
2023-03-12 12:00,35,47.42,18,28
2023-03-12 12:00,24,31.59,35,40
2023-03-12 11:55,82,28.72,29,35
2023-03-12 11:55,28,24.30,35,39
2023-03-12 11:50,Автомобилей,"Занятость, %","Ср.скорость, км/ч","85 процентиль, км/ч"
2023-03-12 11:50,33,29.40,35,40
2023-03-12 11:45,47,45.47,34,38
2023-03-12 11:45,33,10.64,31,35
2023-03-12 11:40,24,18.45,31,37
2023-03-12 11:35,51,8.98,32,37
2023-03-12 11:35,23,10.47,31,35
2023-03-12 11:30,33,54.60,16,25
2023-03-12 11:30,23,28.35,34,37
2023-03-12 11:25,87,16.33,30,36
2023-03-12 11:25,27,12.66,35,41
2023-03-12 11:20,Автомобилей,"Занятость, %","Ср.скорость, км/ч","85 процентиль, км/ч"
2023-03-12 11:20,27,45.99,36,41
2023-03-12 11:15,16,20.30,32,35
2023-03-12 11:15,12,3.87,33,38
2023-03-12 11:10,24,18.45,33,38
2023-03-12 11:05,49,15.18,33,38
2023-03-12 11:05,25,23.25,34,39
2023-03-12 11:00,33,30.80,18,25
2023-03-12 11:00,26,8.52,33,36
2023-03-12 10:55,88,17.20,30,37
2023-03-12 10:55,30,11.49,35,40
2023-03-12 10:50,Автомобилей,"Занятость, %","Ср.скорость, км/ч","85 процентиль, км/ч"
2023-03-12 10:50,34,26.01,35,39
2023-03-12 10:45,29,10.41,35,39
2023-03-12 10:45,20,6.38,34,38
2023-03-12 10:40,25,24.46,33,39
2023-03-12 10:35,44,19.15,33,38
2023-03-12 10:35,24,32.61,32,37
2023-03-12 10:30,26,27.47,18,28
2023-03-12 10:30,26,27.22,32,37
2023-03-12 10:25,93,21.88,28,34
2023-03-12 10:25,24,24.17,30,34
2023-03-12 10:20,Автомобилей,"Занятость, %","Ср.скорость, км/ч","85 процентиль, км/ч"
2023-03-12 10:20,24,25.19,34,38
2023-03-12 10:15,19,22.69,31,34
2023-03-12 10:15,15,4.82,30,34
2023-03-12 10:10,21,34.43,35,38
2023-03-12 10:05,32,27.85,37,41
2023-03-12 10:05,15,50.80,36,40
2023-03-12 10:00,29,46.02,15,26
2023-03-12 10:00,18,16.87,33,37
2023-03-12 09:55,83,18.66,27,33
2023-03-12 09:55,19,22.52,33,36
2023-03-12 09:50,Автомобилей,"Занятость, %","Ср.скорость, км/ч","85 процентиль, км/ч"
2023-03-12 09:50,24,14.24,33,38
2023-03-12 09:45,14,27.92,36,38
2023-03-12 09:45,21,5.15,32,38
2023-03-12 09:40,30,11.31,35,41
2023-03-12 09:35,22,19.49,33,38
2023-03-12 09:35,8,35.48,34,38
2023-03-12 09:30,28,51.78,13,21
2023-03-12 09:30,20,47.37,35,41
2023-03-12 09:25,76,20.03,28,36
2023-03-12 09:25,20,8.54,36,41
2023-03-12 09:20,Автомобилей,"Занятость, %","Ср.скорость, км/ч","85 процентиль, км/ч"
2023-03-12 09:20,15,23.31,32,37
2023-03-12 09:15,15,5.90,34,36
2023-03-12 09:15,14,3.67,34,38
2023-03-12 09:10,19,9.43,38,45
2023-03-12 09:05,44,18.62,34,37
2023-03-12 09:05,21,31.39,34,37
2023-03-12 09:00,27,44.94,18,28
2023-03-12 09:00,17,33.11,38,44
2023-03-12 08:55,46,13.37,27,35
2023-03-12 08:55,15,17.22,31,35
2023-03-12 08:50,Автомобилей,"Занятость, %","Ср.скорость, км/ч","85 процентиль, км/ч"
2023-03-12 08:50,20,32.47,36,41
2023-03-12 08:45,18,16.44,35,41
2023-03-12 08:45,23,5.76,35,41
2023-03-12 08:40,9,32.60,31,36
2023-03-12 08:35,35,5.65,35,41
2023-03-12 08:35,19,6.77,32,36
2023-03-12 08:30,15,23.07,24,42
2023-03-12 08:30,11,22.16,37,41
2023-03-12 08:25,46,24.34,25,31
2023-03-12 08:25,13,33.17,31,36
2023-03-12 08:20,Автомобилей,"Занятость, %","Ср.скорость, км/ч","85 процентиль, км/ч"
2023-03-12 08:20,10,12.06,34,40
2023-03-12 08:15,11,26.06,34,38
2023-03-12 08:15,20,4.20,34,39
2023-03-12 08:10,3,15.33,31,31
2023-03-12 08:05,31,7.78,36,41
2023-03-12 08:05,12,11.78,36,39
2023-03-12 08:00,11,17.90,14,25
2023-03-12 08:00,10,12.23,33,40
2023-03-12 07:55,30,27.02,25,32
2023-03-12 07:55,15,33.51,32,36
2023-03-12 07:50,Автомобилей,"Занятость, %","Ср.скорость, км/ч","85 процентиль, км/ч"
2023-03-12 07:50,6,15.98,33,38
2023-03-12 07:45,5,5.07,28,29
2023-03-12 07:45,16,3.14,36,45
2023-03-12 07:40,9,11.15,36,38
2023-03-12 07:35,24,7.21,34,38
2023-03-12 07:35,6,10.83,35,37
2023-03-12 07:30,11,16.89,15,25
2023-03-12 07:30,9,12.28,33,38
2023-03-12 07:25,44,25.61,27,33
2023-03-12 07:25,10,34.97,37,40
2023-03-12 07:20,Автомобилей,"Занятость, %","Ср.скорость, км/ч","85 процентиль, км/ч"
2023-03-12 07:20,7,13.83,34,37
2023-03-12 07:15,8,45.72,36,39
2023-03-12 07:15,6,2.07,32,37
2023-03-12 07:10,7,6.53,31,34
2023-03-12 07:05,19,5.45,34,38
2023-03-12 07:05,9,8.32,37,40
2023-03-12 07:00,5,7.87,18,34
2023-03-12 07:00,5,2.43,0,0
2023-03-12 06:55,17,27.24,25,28
2023-03-12 06:55,8,39.68,34,37
2023-03-12 06:50,Автомобилей,"Занятость, %","Ср.скорость, км/ч","85 процентиль, км/ч"
2023-03-12 06:50,9,4.02,30,35
2023-03-12 06:45,9,3.09,35,39
2023-03-12 06:45,15,3.43,31,36
2023-03-12 06:40,5,3.73,33,33
2023-03-12 06:35,26,19.31,32,37
2023-03-12 06:35,10,34.45,34,38
2023-03-12 06:30,5,19.24,12,21
2023-03-12 06:30,3,13.83,33,43
2023-03-12 06:25,22,15.88,29,36
2023-03-12 06:25,9,18.37,33,37
2023-03-12 06:20,Автомобилей,"Занятость, %","Ср.скорость, км/ч","85 процентиль, км/ч"
2023-03-12 06:20,5,17.79,36,36
2023-03-12 06:15,3,34.16,37,37
2023-03-12 06:15,7,1.81,38,44
2023-03-12 06:10,0,21.03,0,0
2023-03-12 06:05,6,1.01,14,15
2023-03-12 06:05,1,0.69,0,0
2023-03-12 06:00,5,3.12,19,31
2023-03-12 06:00,3,2.11,38,45
2023-03-12 05:55,9,1.16,18,23
2023-03-12 05:55,1,1.31,0,0
2023-03-12 05:50,Автомобилей,"Занятость, %","Ср.скорость, км/ч","85 процентиль, км/ч"
2023-03-12 05:50,2,2.60,30,30
2023-03-12 05:45,1,1.86,0,0
2023-03-12 05:45,5,1.38,26,29
2023-03-12 05:40,2,1.48,33,44
2023-03-12 05:35,3,0.80,14,14
2023-03-12 05:35,3,1.36,28,28
2023-03-12 05:30,5,2.83,13,25
2023-03-12 05:30,0,2.53,0,0
2023-03-12 05:25,12,1.46,29,33
2023-03-12 05:25,7,1.81,40,47
2023-03-12 05:20,Автомобилей,"Занятость, %","Ср.скорость, км/ч","85 процентиль, км/ч"
2023-03-12 05:20,4,2.53,31,36
2023-03-12 05:15,1,2.72,22,22
2023-03-12 05:15,3,0.93,25,29
2023-03-12 05:10,6,4.08,26,26
2023-03-12 05:05,5,1.12,29,33
2023-03-12 05:05,1,0.88,27,27
2023-03-12 05:00,3,1.03,15,16
2023-03-12 05:00,0,0.63,0,0
2023-03-12 04:55,8,4.27,15,17
2023-03-12 04:55,1,5.96,0,0
2023-03-12 04:50,Автомобилей,"Занятость, %","Ср.скорость, км/ч","85 процентиль, км/ч"
2023-03-12 04:50,4,1.82,0,0
2023-03-12 04:45,1,21.95,0,0
2023-03-12 04:45,5,1.25,28,38
2023-03-12 04:40,2,6.46,30,30
2023-03-12 04:35,7,1.11,18,21
2023-03-12 04:35,1,0.84,0,0
2023-03-12 04:30,0,0.03,0,0
2023-03-12 04:30,3,0.97,36,36
2023-03-12 04:25,4,0.45,18,18
2023-03-12 04:25,2,0.67,33,33
2023-03-12 04:20,Автомобилей,"Занятость, %","Ср.скорость, км/ч","85 процентиль, км/ч"
2023-03-12 04:20,3,13.99,31,31
2023-03-12 04:15,1,34.04,30,30
2023-03-12 04:15,3,0.90,30,36
2023-03-12 04:10,6,5.12,34,43
2023-03-12 04:05,7,1.28,10,10
2023-03-12 04:05,3,1.32,0,0
2023-03-12 04:00,8,25.49,4,8
2023-03-12 04:00,2,24.36,24,24
2023-03-12 03:55,9,2.14,14,19
2023-03-12 03:55,1,2.07,0,0
2023-03-12 03:50,Автомобилей,"Занятость, %","Ср.скорость, км/ч","85 процентиль, км/ч"
2023-03-12 03:50,0,2.11,0,0
2023-03-12 03:45,0,13.57,0,0
2023-03-12 03:45,1,0.17,40,40
2023-03-12 03:40,1,17.55,0,0
2023-03-12 03:35,6,2.62,32,33
2023-03-12 03:35,4,4.18,24,24
2023-03-12 03:30,11,17.29,18,19
2023-03-12 03:30,2,14.39,0,0
2023-03-12 03:25,6,7.84,16,23
2023-03-12 03:25,0,10.59,0,0
2023-03-12 03:20,Автомобилей,"Занятость, %","Ср.скорость, км/ч","85 процентиль, км/ч"
2023-03-12 03:20,3,3.09,0,0
2023-03-12 03:15,1,15.28,33,33
2023-03-12 03:15,0,0.20,0,0
2023-03-12 03:10,0,3.08,0,0
2023-03-12 03:05,11,3.77,15,17
2023-03-12 03:05,4,4.71,30,33
2023-03-12 03:00,39,17.30,14,26
2023-03-12 03:00,0,3.98,0,0
2023-03-12 02:55,13,4.37,25,29
2023-03-12 02:55,2,3.25,30,30
2023-03-12 02:50,Автомобилей,"Занятость, %","Ср.скорость, км/ч","85 процентиль, км/ч"
2023-03-12 02:50,2,0.76,28,31
2023-03-12 02:45,1,2.07,36,36
2023-03-12 02:45,4,0.82,38,44
2023-03-12 02:40,2,1.54,40,40
2023-03-12 02:35,8,2.93,33,34
2023-03-12 02:35,4,3.86,35,35
2023-03-12 02:30,3,2.65,20,20
2023-03-12 02:30,5,2.85,36,41
2023-03-12 02:25,8,1.68,13,15
2023-03-12 02:25,0,1.82,0,0
2023-03-12 02:20,Автомобилей,"Занятость, %","Ср.скорость, км/ч","85 процентиль, км/ч"
2023-03-12 02:20,2,13.52,24,24
2023-03-12 02:15,5,25.42,32,35
2023-03-12 02:15,5,1.43,38,45
2023-03-12 02:10,4,15.28,34,36
2023-03-12 02:05,8,1.78,35,47
2023-03-12 02:05,5,2.30,36,42
2023-03-12 02:00,5,22.83,19,26
2023-03-12 02:00,3,8.94,32,33
2023-03-12 01:55,8,1.39,30,30
2023-03-12 01:55,2,1.34,33,33
2023-03-12 01:50,Автомобилей,"Занятость, %","Ср.скорость, км/ч","85 процентиль, км/ч"
2023-03-12 01:50,5,18.03,32,40
2023-03-12 01:45,2,26.12,33,33
2023-03-12 01:45,7,1.76,25,28
2023-03-12 01:40,6,29.10,36,42
2023-03-12 01:35,10,6.94,13,18
2023-03-12 01:35,0,11.38,0,0
2023-03-12 01:30,3,22.69,0,0
2023-03-12 01:30,3,21.78,36,36
2023-03-12 01:25,16,2.33,20,25
2023-03-12 01:25,8,2.85,31,34
2023-03-12 01:20,Автомобилей,"Занятость, %","Ср.скорость, км/ч","85 процентиль, км/ч"
2023-03-12 01:20,4,13.84,28,30
2023-03-12 01:15,7,2.79,34,43
2023-03-12 01:15,9,3.10,32,44
2023-03-12 01:10,7,6.52,36,38
2023-03-12 01:05,20,7.26,33,38
2023-03-12 01:05,9,10.62,34,38
2023-03-12 01:00,7,8.35,21,21
2023-03-12 01:00,5,7.46,30,35
2023-03-12 00:55,21,5.86,23,26
2023-03-12 00:55,6,2.27,34,38
2023-03-12 00:50,Автомобилей,"Занятость, %","Ср.скорость, км/ч","85 процентиль, км/ч"
2023-03-12 00:50,4,2.45,33,33
2023-03-12 00:45,7,15.85,34,38
2023-03-12 00:45,9,3.88,34,38
2023-03-12 00:40,7,6.17,31,33
2023-03-12 00:35,16,10.17,36,38
2023-03-12 00:35,5,17.46,36,36
2023-03-12 00:30,11,13.18,17,28
2023-03-12 00:30,9,11.50,34,40
2023-03-12 00:25,26,30.60,26,33
2023-03-12 00:25,6,42.39,33,38
2023-03-12 00:20,Автомобилей,"Занятость, %","Ср.скорость, км/ч","85 процентиль, км/ч"
2023-03-12 00:20,8,14.52,35,39
2023-03-12 00:15,6,7.95,36,36
2023-03-12 00:15,10,2.52,33,35
2023-03-12 00:10,6,11.02,31,31
2023-03-12 00:05,14,17.13,35,40
2023-03-12 00:05,3,31.69,36,36
2023-03-12 00:00,11,18.28,14,22
2023-03-12 00:00,9,8.59,31,36
2023-03-11 23:55,22,9.20,29,36
2023-03-11 23:55,8,12.01,33,37
2023-03-11 23:50,Автомобилей,"Занятость, %","Ср.скорость, км/ч","85 процентиль, км/ч"
2023-03-11 23:50,5,4.11,29,32
2023-03-11 23:45,9,8.43,32,35
2023-03-11 23:45,6,2.57,31,39
2023-03-11 23:40,7,14.24,0,0
2023-03-11 23:35,10,11.17,33,35
2023-03-11 23:35,5,20.52,33,38
2023-03-11 23:30,17,23.84,12,21
2023-03-11 23:30,9,6.79,32,35
2023-03-11 23:25,36,10.55,28,35
2023-03-11 23:25,10,5.42,35,38
2023-03-11 23:20,Автомобилей,"Занятость, %","Ср.скорость, км/ч","85 процентиль, км/ч"
2023-03-11 23:20,3,21.96,28,35
2023-03-11 23:15,9,40.43,30,34
2023-03-11 23:15,8,3.36,30,32
2023-03-11 23:10,13,15.83,34,40
2023-03-11 23:05,14,17.91,29,35
2023-03-11 23:05,6,33.11,29,32
2023-03-11 23:00,14,15.25,16,27
2023-03-11 23:00,6,4.76,29,30
2023-03-11 22:55,48,18.33,26,34
2023-03-11 22:55,9,15.33,30,36
2023-03-11 22:50,Автомобилей,"Занятость, %","Ср.скорость, км/ч","85 процентиль, км/ч"
2023-03-11 22:50,9,8.61,31,36
2023-03-11 22:45,12,12.28,33,37
2023-03-11 22:45,16,4.45,34,40
2023-03-11 22:40,12,30.04,33,35
2023-03-11 22:35,15,18.19,35,38
2023-03-11 22:35,6,33.79,36,36
2023-03-11 22:30,19,49.97,15,23
2023-03-11 22:30,12,23.50,32,35
2023-03-11 22:25,42,39.16,27,37
2023-03-11 22:25,7,29.40,35,42
2023-03-11 22:20,Автомобилей,"Занятость, %","Ср.скорость, км/ч","85 процентиль, км/ч"
2023-03-11 22:20,10,36.93,33,38
2023-03-11 22:15,12,14.76,30,38
2023-03-11 22:15,21,76.20,24,29
2023-03-11 22:10,18,19.35,31,37
2023-03-11 22:05,34,41.12,34,39
2023-03-11 22:05,18,11.03,35,38
2023-03-11 22:00,21,10.69,19,29
2023-03-11 22:00,13,8.63,30,33
2023-03-11 21:55,62,51.57,27,32
2023-03-11 21:55,14,29.15,34,36
2023-03-11 21:50,Автомобилей,"Занятость, %","Ср.скорость, км/ч","85 процентиль, км/ч"
2023-03-11 21:50,13,29.20,29,32
2023-03-11 21:45,10,34.04,30,36
2023-03-11 21:45,16,87.25,33,38
2023-03-11 21:40,9,29.62,36,43
2023-03-11 21:35,50,21.94,32,38
2023-03-11 21:35,27,11.86,32,37
2023-03-11 21:30,20,25.51,18,29
2023-03-11 21:30,16,10.62,29,34
2023-03-11 21:25,56,11.03,28,34
2023-03-11 21:25,21,7.97,33,37
2023-03-11 21:20,Автомобилей,"Занятость, %","Ср.скорость, км/ч","85 процентиль, км/ч"
2023-03-11 21:20,15,17.72,32,35
2023-03-11 21:15,16,27.87,32,37
2023-03-11 21:15,20,19.04,34,39
2023-03-11 21:10,12,19.13,31,32
2023-03-11 21:05,42,33.08,32,37
2023-03-11 21:05,20,49.85,32,38
2023-03-11 21:00,97,50.28,18,25
2023-03-11 21:00,14,32.91,31,35
2023-03-11 20:55,50,20.50,27,34
2023-03-11 20:55,12,7.86,32,36
2023-03-11 20:50,Автомобилей,"Занятость, %","Ср.скорость, км/ч","85 процентиль, км/ч"
2023-03-11 20:50,28,12.36,32,36
2023-03-11 20:45,20,39.32,31,35
2023-03-11 20:45,21,76.42,31,35
2023-03-11 20:40,20,14.29,29,35
2023-03-11 20:35,41,16.36,31,35
2023-03-11 20:35,19,13.08,32,37
2023-03-11 20:30,23,50.71,12,17
2023-03-11 20:30,12,23.55,30,35
2023-03-11 20:25,75,37.90,26,30
2023-03-11 20:25,23,32.15,30,35
2023-03-11 20:20,Автомобилей,"Занятость, %","Ср.скорость, км/ч","85 процентиль, км/ч"
2023-03-11 20:20,17,10.24,33,38
2023-03-11 20:15,19,10.65,34,37
2023-03-11 20:15,21,19.79,27,37
2023-03-11 20:10,10,13.35,37,40
2023-03-11 20:05,48,43.90,32,40
2023-03-11 20:05,22,58.36,32,40
2023-03-11 20:00,40,26.63,25,32
2023-03-11 20:00,17,8.74,32,36
2023-03-11 19:55,93,26.05,28,33
2023-03-11 19:55,33,11.94,34,38
2023-03-11 19:50,Автомобилей,"Занятость, %","Ср.скорость, км/ч","85 процентиль, км/ч"
2023-03-11 19:50,20,31.05,31,36
2023-03-11 19:45,31,19.70,30,34
2023-03-11 19:45,25,26.19,29,34
2023-03-11 19:40,20,41.72,28,33
2023-03-11 19:35,59,34.63,31,36
2023-03-11 19:35,31,45.71,34,40
2023-03-11 19:30,76,57.55,20,29
2023-03-11 19:30,13,12.92,30,34
2023-03-11 19:25,77,31.27,27,32
2023-03-11 19:25,18,31.96,32,37
2023-03-11 19:20,Автомобилей,"Занятость, %","Ср.скорость, км/ч","85 процентиль, км/ч"
2023-03-11 19:20,24,12.32,31,35
2023-03-11 19:15,17,43.63,32,38
2023-03-11 19:15,31,29.37,32,37
2023-03-11 19:10,23,12.57,32,37
2023-03-11 19:05,51,43.27,32,39
2023-03-11 19:05,28,49.66,33,39
2023-03-11 19:00,36,52.50,18,29
2023-03-11 19:00,15,33.19,33,38
2023-03-11 18:55,81,25.00,27,33
2023-03-11 18:55,19,9.92,32,36
2023-03-11 18:50,Автомобилей,"Занятость, %","Ср.скорость, км/ч","85 процентиль, км/ч"
2023-03-11 18:50,29,15.28,31,35
2023-03-11 18:45,25,13.23,32,36
2023-03-11 18:45,29,15.97,30,37
2023-03-11 18:40,27,12.79,35,39
2023-03-11 18:35,48,13.20,34,40
2023-03-11 18:35,23,9.97,34,39
2023-03-11 18:30,37,26.06,22,30
2023-03-11 18:30,32,24.16,33,37
2023-03-11 18:25,85,31.55,29,35
2023-03-11 18:25,25,29.24,35,39
2023-03-11 18:20,Автомобилей,"Занятость, %","Ср.скорость, км/ч","85 процентиль, км/ч"
2023-03-11 18:20,19,20.19,31,34
2023-03-11 18:15,15,39.82,34,37
2023-03-11 18:15,27,11.98,34,40
2023-03-11 18:10,21,18.27,34,41
2023-03-11 18:05,58,33.41,34,36
2023-03-11 18:05,30,42.16,35,38
2023-03-11 18:00,27,42.42,17,25
2023-03-11 18:00,31,29.75,34,39
2023-03-11 17:55,82,43.59,29,36
2023-03-11 17:55,20,46.96,35,39
2023-03-11 17:50,Автомобилей,"Занятость, %","Ср.скорость, км/ч","85 процентиль, км/ч"
2023-03-11 17:50,29,53.31,34,40
2023-03-11 17:45,22,29.53,35,40
2023-03-11 17:45,25,14.79,34,43
2023-03-11 17:40,28,40.37,32,36
2023-03-11 17:35,48,19.80,32,38
2023-03-11 17:35,21,26.03,31,36
2023-03-11 17:30,35,48.28,21,34
2023-03-11 17:30,32,34.45,37,44
2023-03-11 17:25,103,22.13,28,35
2023-03-11 17:25,33,15.89,34,38
2023-03-11 17:20,Автомобилей,"Занятость, %","Ср.скорость, км/ч","85 процентиль, км/ч"
2023-03-11 17:20,33,13.99,36,41
2023-03-11 17:15,31,50.65,35,40
2023-03-11 17:15,28,27.56,28,42
2023-03-11 17:10,22,20.49,35,40
2023-03-11 17:05,48,41.92,32,37
2023-03-11 17:05,26,71.13,33,40
2023-03-11 17:00,44,53.41,17,27
2023-03-11 17:00,33,40.30,36,40
2023-03-11 16:55,105,30.75,29,35
2023-03-11 16:55,35,31.80,34,38
2023-03-11 16:50,Автомобилей,"Занятость, %","Ср.скорость, км/ч","85 процентиль, км/ч"
2023-03-11 16:50,28,61.78,31,34
2023-03-11 16:45,35,19.08,32,36
2023-03-11 16:45,34,18.02,32,38
2023-03-11 16:40,29,46.15,32,36
2023-03-11 16:35,56,27.34,31,36
2023-03-11 16:35,31,31.28,30,36
2023-03-11 16:30,35,63.95,19,29
2023-03-11 16:30,23,39.12,34,38
2023-03-11 16:25,98,34.80,29,35
2023-03-11 16:25,25,28.16,33,37
2023-03-11 16:20,Автомобилей,"Занятость, %","Ср.скорость, км/ч","85 процентиль, км/ч"
2023-03-11 16:20,30,32.15,33,36
2023-03-11 16:15,28,35.06,35,40
2023-03-11 16:15,31,67.52,34,40
2023-03-11 16:10,21,50.28,35,40
2023-03-11 16:05,64,33.58,32,37
2023-03-11 16:05,32,33.42,34,39
2023-03-11 16:00,37,68.79,20,29
2023-03-11 16:00,22,47.26,32,38
2023-03-11 15:55,95,44.99,28,35
2023-03-11 15:55,35,45.37,32,37
2023-03-11 15:50,Автомобилей,"Занятость, %","Ср.скорость, км/ч","85 процентиль, км/ч"
2023-03-11 15:50,31,16.27,31,35
2023-03-11 15:45,39,15.11,33,38
2023-03-11 15:45,31,99.22,31,38
2023-03-11 15:40,23,29.13,33,36
2023-03-11 15:35,58,75.94,32,37
2023-03-11 15:35,34,60.03,33,38
2023-03-11 15:30,47,74.42,17,24
2023-03-11 15:30,27,54.38,29,31
2023-03-11 15:25,78,55.23,26,34
2023-03-11 15:25,17,26.16,31,39
2023-03-11 15:20,Автомобилей,"Занятость, %","Ср.скорость, км/ч","85 процентиль, км/ч"
2023-03-11 15:20,29,49.21,34,39
2023-03-11 15:15,30,11.15,33,38
2023-03-11 15:15,23,89.10,30,37
2023-03-11 15:10,40,16.52,30,37
2023-03-11 15:05,64,67.53,31,35
2023-03-11 15:05,31,43.44,32,36
2023-03-11 15:00,40,51.64,17,25
2023-03-11 15:00,33,20.68,34,39
2023-03-11 14:55,112,53.50,25,31
2023-03-11 14:55,28,16.50,31,36
2023-03-11 14:50,Автомобилей,"Занятость, %","Ср.скорость, км/ч","85 процентиль, км/ч"
2023-03-11 14:50,31,33.54,33,37
2023-03-11 14:45,24,12.29,34,38
2023-03-11 14:45,19,99.17,31,34
2023-03-11 14:40,43,54.33,35,41
2023-03-11 14:35,62,73.86,32,36
2023-03-11 14:35,35,49.48,34,39
2023-03-11 14:30,41,31.13,18,27
2023-03-11 14:30,30,19.46,31,35
2023-03-11 14:25,136,45.43,27,34
2023-03-11 14:25,48,19.68,34,38
2023-03-11 14:20,Автомобилей,"Занятость, %","Ср.скорость, км/ч","85 процентиль, км/ч"
2023-03-11 14:20,51,55.96,32,35
2023-03-11 14:15,46,39.72,31,36
2023-03-11 14:15,36,20.07,28,33
2023-03-11 14:10,45,34.58,34,38
2023-03-11 14:05,75,53.19,33,38
2023-03-11 14:05,38,49.22,32,37
2023-03-11 14:00,51,62.87,17,24
2023-03-11 14:00,45,15.03,32,37
2023-03-11 13:55,129,41.43,27,33
2023-03-11 13:55,35,35.98,31,37
2023-03-11 13:50,Автомобилей,"Занятость, %","Ср.скорость, км/ч","85 процентиль, км/ч"
2023-03-11 13:50,36,30.55,29,35
2023-03-11 13:45,29,40.64,31,36
2023-03-11 13:45,23,27.12,31,42
2023-03-11 13:40,32,30.01,34,38
2023-03-11 13:35,59,39.15,32,37
2023-03-11 13:35,29,43.33,34,38
2023-03-11 13:30,37,68.17,17,24
2023-03-11 13:30,33,65.58,34,38
2023-03-11 13:25,118,48.02,27,32
2023-03-11 13:25,37,58.05,34,38
2023-03-11 13:20,Автомобилей,"Занятость, %","Ср.скорость, км/ч","85 процентиль, км/ч"
2023-03-11 13:20,52,39.90,30,34
2023-03-11 13:15,44,14.97,33,38
2023-03-11 13:15,40,43.62,30,34
2023-03-11 13:10,38,13.25,33,39
2023-03-11 13:05,48,29.15,34,39
2023-03-11 13:05,26,42.87,32,37
2023-03-11 13:00,51,74.93,18,27
2023-03-11 13:00,38,52.28,32,36
2023-03-11 12:55,122,74.28,27,34
2023-03-11 12:55,39,52.09,34,39
2023-03-11 12:50,Автомобилей,"Занятость, %","Ср.скорость, км/ч","85 процентиль, км/ч"
2023-03-11 12:50,29,27.93,32,38
2023-03-11 12:45,31,14.73,34,40
2023-03-11 12:45,35,77.33,30,36
2023-03-11 12:40,35,14.14,35,40
2023-03-11 12:35,73,51.42,33,38
2023-03-11 12:35,39,14.07,34,38
2023-03-11 12:30,44,33.89,21,30
2023-03-11 12:30,29,30.95,34,40
2023-03-11 12:25,94,67.75,28,35
2023-03-11 12:25,29,46.66,35,39
2023-03-11 12:20,Автомобилей,"Занятость, %","Ср.скорость, км/ч","85 процентиль, км/ч"
2023-03-11 12:20,20,13.11,33,38
2023-03-11 12:15,31,11.75,35,42
2023-03-11 12:15,34,86.09,29,34
2023-03-11 12:10,26,11.71,34,38
2023-03-11 12:05,55,46.64,33,39
2023-03-11 12:05,29,33.41,36,42
2023-03-11 12:00,42,67.19,17,24
2023-03-11 12:00,39,30.10,32,36
2023-03-11 11:55,94,60.12,30,36
2023-03-11 11:55,26,49.32,35,41
2023-03-11 11:50,Автомобилей,"Занятость, %","Ср.скорость, км/ч","85 процентиль, км/ч"
2023-03-11 11:50,39,34.29,33,38
2023-03-11 11:45,47,14.65,33,37
2023-03-11 11:45,41,75.60,30,35
2023-03-11 11:40,46,14.37,36,41
2023-03-11 11:35,61,24.15,31,37
2023-03-11 11:35,33,39.35,32,37
2023-03-11 11:30,46,67.36,20,32
2023-03-11 11:30,35,25.95,34,38
2023-03-11 11:25,111,48.16,27,34
2023-03-11 11:25,35,65.82,32,38
2023-03-11 11:20,Автомобилей,"Занятость, %","Ср.скорость, км/ч","85 процентиль, км/ч"
2023-03-11 11:20,26,10.50,32,37
2023-03-11 11:15,22,26.57,32,37
2023-03-11 11:15,22,61.20,29,34
2023-03-11 11:10,35,52.64,31,36
2023-03-11 11:05,58,74.40,33,38
2023-03-11 11:05,25,53.60,33,38
2023-03-11 11:00,48,64.72,18,27
2023-03-11 11:00,33,62.56,31,37
2023-03-11 10:55,118,52.77,28,33
2023-03-11 10:55,39,47.11,33,38
2023-03-11 10:50,Автомобилей,"Занятость, %","Ср.скорость, км/ч","85 процентиль, км/ч"
2023-03-11 10:50,40,59.63,32,36
2023-03-11 10:45,26,23.46,32,38
2023-03-11 10:45,29,8.45,27,33
2023-03-11 10:40,36,12.73,33,37
2023-03-11 10:35,80,23.40,32,37
2023-03-11 10:35,42,35.44,33,38
2023-03-11 10:30,40,62.91,18,28
2023-03-11 10:30,34,60.87,33,36
2023-03-11 10:25,104,31.04,27,33
2023-03-11 10:25,32,40.39,33,37
2023-03-11 10:20,Автомобилей,"Занятость, %","Ср.скорость, км/ч","85 процентиль, км/ч"
2023-03-11 10:20,35,15.77,34,39
2023-03-11 10:15,30,38.86,35,44
2023-03-11 10:15,25,7.28,33,41
2023-03-11 10:10,28,13.84,34,39
2023-03-11 10:05,51,9.61,34,39
2023-03-11 10:05,31,10.59,36,40
2023-03-11 10:00,28,49.77,16,25
2023-03-11 10:00,40,11.51,34,40
2023-03-11 09:55,89,19.00,29,37
2023-03-11 09:55,26,21.88,33,37
2023-03-11 09:50,Автомобилей,"Занятость, %","Ср.скорость, км/ч","85 процентиль, км/ч"
2023-03-11 09:50,39,33.49,32,36
2023-03-11 09:45,31,51.32,34,40
2023-03-11 09:45,36,18.47,32,37
2023-03-11 09:40,42,32.10,34,40
2023-03-11 09:35,48,22.74,32,36
2023-03-11 09:35,19,23.56,32,36
2023-03-11 09:30,28,42.56,20,32
2023-03-11 09:30,24,32.63,34,40
2023-03-11 09:25,73,26.49,30,36
2023-03-11 09:25,17,18.43,36,39
2023-03-11 09:20,Автомобилей,"Занятость, %","Ср.скорость, км/ч","85 процентиль, км/ч"
2023-03-11 09:20,21,20.09,31,34
2023-03-11 09:15,26,37.31,31,35
2023-03-11 09:15,30,20.67,31,36
2023-03-11 09:10,32,36.44,32,35
2023-03-11 09:05,57,9.23,31,35
2023-03-11 09:05,25,10.11,33,36
2023-03-11 09:00,17,37.05,12,21
2023-03-11 09:00,23,6.59,34,39
2023-03-11 08:55,68,32.85,26,32
2023-03-11 08:55,21,37.91,31,36
2023-03-11 08:50,Автомобилей,"Занятость, %","Ср.скорость, км/ч","85 процентиль, км/ч"
2023-03-11 08:50,20,25.49,35,39
2023-03-11 08:45,29,56.49,34,38
2023-03-11 08:45,30,13.25,31,35
2023-03-11 08:40,16,47.45,34,38
2023-03-11 08:35,46,16.44,34,39
2023-03-11 08:35,26,27.76,34,38
2023-03-11 08:30,24,43.32,19,25
2023-03-11 08:30,21,23.05,36,40
2023-03-11 08:25,66,17.21,28,35
2023-03-11 08:25,17,6.96,35,40
2023-03-11 08:20,Автомобилей,"Занятость, %","Ср.скорость, км/ч","85 процентиль, км/ч"
2023-03-11 08:20,22,52.14,35,38
2023-03-11 08:15,14,21.64,34,40
2023-03-11 08:15,26,5.60,33,38
2023-03-11 08:10,19,20.75,31,34
2023-03-11 08:05,51,7.30,35,40
2023-03-11 08:05,21,7.72,36,39
2023-03-11 08:00,27,38.16,20,32
2023-03-11 08:00,21,19.71,34,38
2023-03-11 07:55,60,32.81,27,31
2023-03-11 07:55,21,46.23,33,36
2023-03-11 07:50,Автомобилей,"Занятость, %","Ср.скорость, км/ч","85 процентиль, км/ч"
2023-03-11 07:50,7,25.31,32,38
2023-03-11 07:45,30,26.53,35,39
2023-03-11 07:45,23,6.37,35,41
2023-03-11 07:40,17,21.96,34,37
2023-03-11 07:35,46,14.36,33,39
2023-03-11 07:35,22,22.37,32,37
2023-03-11 07:30,19,28.10,18,27
2023-03-11 07:30,17,23.07,35,38
2023-03-11 07:25,38,33.60,30,35
2023-03-11 07:25,13,48.53,39,43
2023-03-11 07:20,Автомобилей,"Занятость, %","Ср.скорость, км/ч","85 процентиль, км/ч"
2023-03-11 07:20,13,20.38,35,38
2023-03-11 07:15,16,22.85,39,46
2023-03-11 07:15,19,4.53,34,39
2023-03-11 07:10,11,9.58,33,37
2023-03-11 07:05,28,6.81,34,39
2023-03-11 07:05,9,9.59,33,37
2023-03-11 07:00,14,40.54,17,31
2023-03-11 07:00,14,21.59,35,40
2023-03-11 06:55,35,4.41,27,34
2023-03-11 06:55,14,4.42,33,39
2023-03-11 06:50,Автомобилей,"Занятость, %","Ср.скорость, км/ч","85 процентиль, км/ч"
2023-03-11 06:50,14,4.04,34,36
2023-03-11 06:45,12,19.73,35,40
2023-03-11 06:45,13,2.92,35,43
2023-03-11 06:40,11,18.99,34,39
2023-03-11 06:35,22,3.73,31,37
2023-03-11 06:35,7,2.92,33,39
2023-03-11 06:30,2,10.65,1,1
2023-03-11 06:30,6,11.45,35,40
2023-03-11 06:25,25,8.97,29,35
2023-03-11 06:25,9,7.99,29,32
2023-03-11 06:20,Автомобилей,"Занятость, %","Ср.скорость, км/ч","85 процентиль, км/ч"
2023-03-11 06:20,6,2.78,31,35
2023-03-11 06:15,6,17.49,36,40
2023-03-11 06:15,13,10.29,28,37
2023-03-11 06:10,2,29.90,0,0
2023-03-11 06:05,9,11.94,34,38
2023-03-11 06:05,3,10.07,32,35
2023-03-11 06:00,4,3.02,10,23
2023-03-11 06:00,4,2.11,21,21
2023-03-11 05:55,15,14.88,29,33
2023-03-11 05:55,4,15.12,40,40
2023-03-11 05:50,Автомобилей,"Занятость, %","Ср.скорость, км/ч","85 процентиль, км/ч"
2023-03-11 05:50,0,10.60,0,0
2023-03-11 05:45,2,1.23,40,40
2023-03-11 05:45,9,13.24,28,34
2023-03-11 05:40,6,11.27,32,38
2023-03-11 05:35,12,8.39,31,35
2023-03-11 05:35,4,3.92,30,30
2023-03-11 05:30,4,4.26,27,54
2023-03-11 05:30,2,3.31,0,0
2023-03-11 05:25,12,16.30,24,24
2023-03-11 05:25,1,14.82,36,36
2023-03-11 05:20,Автомобилей,"Занятость, %","Ср.скорость, км/ч","85 процентиль, км/ч"
2023-03-11 05:20,6,2.20,33,34
2023-03-11 05:15,2,13.00,35,35
2023-03-11 05:15,9,10.97,29,35
2023-03-11 05:10,0,1.44,0,0
2023-03-11 05:05,13,11.89,33,44
2023-03-11 05:05,4,9.58,35,43
2023-03-11 05:00,2,25.19,0,0
2023-03-11 05:00,2,12.29,0,0
2023-03-11 04:55,11,17.05,18,23
2023-03-11 04:55,4,19.47,36,36
2023-03-11 04:50,Автомобилей,"Занятость, %","Ср.скорость, км/ч","85 процентиль, км/ч"
2023-03-11 04:50,5,7.89,33,44
2023-03-11 04:45,2,1.36,39,39
2023-03-11 04:45,6,14.22,0,0
2023-03-11 04:40,2,1.05,33,33
2023-03-11 04:35,10,6.57,33,38
2023-03-11 04:35,2,1.89,32,32
2023-03-11 04:30,2,9.52,12,12
2023-03-11 04:30,7,3.38,30,33
2023-03-11 04:25,10,4.41,30,32
2023-03-11 04:25,1,1.32,36,36
2023-03-11 04:20,Автомобилей,"Занятость, %","Ср.скорость, км/ч","85 процентиль, км/ч"
2023-03-11 04:20,3,1.77,33,33
2023-03-11 04:15,5,1.62,35,42
2023-03-11 04:15,3,10.00,34,35
2023-03-11 04:10,1,0.55,30,30
2023-03-11 04:05,5,9.46,15,17
2023-03-11 04:05,5,10.19,29,34
2023-03-11 04:00,3,2.24,0,0
2023-03-11 04:00,2,1.82,0,0
2023-03-11 03:55,7,2.85,8,9
2023-03-11 03:55,1,0.88,0,0
2023-03-11 03:50,Автомобилей,"Занятость, %","Ср.скорость, км/ч","85 процентиль, км/ч"
2023-03-11 03:50,2,1.73,0,0
2023-03-11 03:45,1,1.13,36,36
2023-03-11 03:45,4,8.35,33,44
2023-03-11 03:40,0,8.79,0,0
2023-03-11 03:35,5,15.30,14,19
2023-03-11 03:35,0,20.01,0,0
2023-03-11 03:30,3,12.81,13,19
2023-03-11 03:30,2,1.89,0,0
2023-03-11 03:25,9,7.85,11,13
2023-03-11 03:25,2,8.19,0,0
2023-03-11 03:20,Автомобилей,"Занятость, %","Ср.скорость, км/ч","85 процентиль, км/ч"
2023-03-11 03:20,6,24.56,32,37
2023-03-11 03:15,4,6.59,32,32
2023-03-11 03:15,1,8.12,0,0
2023-03-11 03:10,3,19.07,36,41
2023-03-11 03:05,5,10.68,14,16
2023-03-11 03:05,1,14.58,0,0
2023-03-11 03:00,5,18.25,0,0
2023-03-11 03:00,3,17.14,36,36
2023-03-11 02:55,12,16.53,25,33
2023-03-11 02:55,2,20.15,30,34
2023-03-11 02:50,Автомобилей,"Занятость, %","Ср.скорость, км/ч","85 процентиль, км/ч"
2023-03-11 02:50,2,4.84,33,33
2023-03-11 02:45,5,2.07,29,32
2023-03-11 02:45,8,7.08,27,30
2023-03-11 02:40,2,17.54,0,0
2023-03-11 02:35,5,3.74,32,35
2023-03-11 02:35,2,2.35,32,32
2023-03-11 02:30,3,0.83,32,60
2023-03-11 02:30,2,1.18,40,40
2023-03-11 02:25,13,8.76,15,18
2023-03-11 02:25,4,10.01,27,27
2023-03-11 02:20,Автомобилей,"Занятость, %","Ср.скорость, км/ч","85 процентиль, км/ч"
2023-03-11 02:20,3,2.40,28,37
2023-03-11 02:15,1,7.82,33,33
2023-03-11 02:15,5,7.42,30,30
2023-03-11 02:10,1,1.66,28,28
2023-03-11 02:05,11,13.40,30,33
2023-03-11 02:05,3,22.44,36,37
2023-03-11 02:00,8,20.98,12,17
2023-03-11 02:00,2,15.31,36,36
2023-03-11 01:55,7,12.27,19,22
2023-03-11 01:55,1,6.08,40,40
2023-03-11 01:50,Автомобилей,"Занятость, %","Ср.скорость, км/ч","85 процентиль, км/ч"
2023-03-11 01:50,4,16.92,40,40
2023-03-11 01:45,6,15.99,34,34
2023-03-11 01:45,12,68.56,29,35
2023-03-11 01:40,8,27.97,32,37
2023-03-11 01:35,11,11.87,32,34
2023-03-11 01:35,5,20.97,33,39
2023-03-11 01:30,8,32.93,0,0
2023-03-11 01:30,2,3.52,30,30
2023-03-11 01:25,20,2.75,28,30
2023-03-11 01:25,5,2.09,32,34
2023-03-11 01:20,Автомобилей,"Занятость, %","Ср.скорость, км/ч","85 процентиль, км/ч"
2023-03-11 01:20,1,13.97,28,28
2023-03-11 01:15,0,26.54,0,0
2023-03-11 01:15,4,3.35,28,39
2023-03-11 01:10,6,18.24,33,33
2023-03-11 01:05,11,7.77,33,41
2023-03-11 01:05,5,2.73,31,36
2023-03-11 01:00,7,13.90,0,0
2023-03-11 01:00,1,3.28,24,24
2023-03-11 00:55,16,16.47,15,19
2023-03-11 00:55,2,18.98,0,0
2023-03-11 00:50,Автомобилей,"Занятость, %","Ср.скорость, км/ч","85 процентиль, км/ч"
2023-03-11 00:50,6,10.75,34,37
2023-03-11 00:45,7,3.21,36,39
2023-03-11 00:45,4,10.30,36,36
2023-03-11 00:40,6,2.88,0,0
2023-03-11 00:35,14,16.05,36,40
2023-03-11 00:35,6,21.03,36,40
2023-03-11 00:30,3,3.53,13,13
2023-03-11 00:30,10,3.84,32,37
2023-03-11 00:25,32,12.83,24,31
2023-03-11 00:25,11,6.90,34,38
2023-03-11 00:20,Автомобилей,"Занятость, %","Ср.скорость, км/ч","85 процентиль, км/ч"
2023-03-11 00:20,5,9.70,35,35
2023-03-11 00:15,7,12.17,36,36
2023-03-11 00:15,8,14.05,38,42
2023-03-11 00:10,8,14.87,32,36
2023-03-11 00:05,12,8.92,29,36
2023-03-11 00:05,3,5.21,26,34
2023-03-11 00:00,19,32.02,14,17
2023-03-11 00:00,4,22.05,30,34
2023-03-10 23:55,28,17.69,23,28
2023-03-10 23:55,10,16.07,32,35
2023-03-10 23:50,Автомобилей,"Занятость, %","Ср.скорость, км/ч","85 процентиль, км/ч"
2023-03-10 23:50,5,28.82,31,33
2023-03-10 23:45,6,10.89,36,36
2023-03-10 23:45,6,14.50,34,40
2023-03-10 23:40,8,32.03,35,39
2023-03-10 23:35,11,18.08,32,36
2023-03-10 23:35,5,19.18,32,35
2023-03-10 23:30,5,12.71,0,0
2023-03-10 23:30,8,13.29,30,36
2023-03-10 23:25,24,20.90,29,33
2023-03-10 23:25,5,14.12,35,39
2023-03-10 23:20,Автомобилей,"Занятость, %","Ср.скорость, км/ч","85 процентиль, км/ч"
2023-03-10 23:20,5,4.83,32,39
2023-03-10 23:15,4,3.94,34,43
2023-03-10 23:15,3,21.44,32,36
2023-03-10 23:10,15,9.55,32,35
2023-03-10 23:05,32,18.68,35,44
2023-03-10 23:05,10,22.60,35,42
2023-03-10 23:00,15,34.59,0,0
2023-03-10 23:00,4,28.17,34,34
2023-03-10 22:55,29,26.62,23,26
2023-03-10 22:55,9,32.43,36,40
2023-03-10 22:50,Автомобилей,"Занятость, %","Ср.скорость, км/ч","85 процентиль, км/ч"
2023-03-10 22:50,15,16.31,34,40
2023-03-10 22:45,16,5.42,33,37
2023-03-10 22:45,13,8.69,31,36
2023-03-10 22:40,7,14.65,35,40
2023-03-10 22:35,27,19.94,32,38
2023-03-10 22:35,10,30.32,32,39
2023-03-10 22:30,27,29.19,11,11
2023-03-10 22:30,9,21.20,28,35
2023-03-10 22:25,67,25.97,25,29
2023-03-10 22:25,12,22.26,32,37
2023-03-10 22:20,Автомобилей,"Занятость, %","Ср.скорость, км/ч","85 процентиль, км/ч"
2023-03-10 22:20,10,12.29,32,37
2023-03-10 22:15,24,24.34,31,37
2023-03-10 22:15,16,12.53,30,35
2023-03-10 22:10,13,38.55,29,40
2023-03-10 22:05,28,15.03,34,45
2023-03-10 22:05,12,19.71,39,54
2023-03-10 22:00,24,55.51,27,27
2023-03-10 22:00,21,53.58,32,38
2023-03-10 21:55,71,47.78,21,26
2023-03-10 21:55,20,42.86,33,41
2023-03-10 21:50,Автомобилей,"Занятость, %","Ср.скорость, км/ч","85 процентиль, км/ч"
2023-03-10 21:50,21,11.20,33,38
2023-03-10 21:45,12,21.82,32,35
2023-03-10 21:45,31,55.58,32,36
2023-03-10 21:40,14,27.94,33,37
2023-03-10 21:35,40,8.72,32,35
2023-03-10 21:35,15,9.18,29,32
2023-03-10 21:30,31,34.00,0,0
2023-03-10 21:30,19,9.75,31,35
2023-03-10 21:25,71,20.81,21,24
2023-03-10 21:25,16,11.57,33,37
2023-03-10 21:20,Автомобилей,"Занятость, %","Ср.скорость, км/ч","85 процентиль, км/ч"
2023-03-10 21:20,20,15.12,31,36
2023-03-10 21:15,22,34.22,33,38
2023-03-10 21:15,19,7.50,30,35
2023-03-10 21:10,23,18.57,32,36
2023-03-10 21:05,53,17.20,32,36
2023-03-10 21:05,25,25.40,31,34
2023-03-10 21:00,35,48.86,0,0
2023-03-10 21:00,18,29.21,34,38
2023-03-10 20:55,84,22.85,20,24
2023-03-10 20:55,18,18.63,30,35
2023-03-10 20:50,Автомобилей,"Занятость, %","Ср.скорость, км/ч","85 процентиль, км/ч"
2023-03-10 20:50,17,26.02,34,38
2023-03-10 20:45,15,26.74,32,37
2023-03-10 20:45,23,6.51,33,38
2023-03-10 20:40,18,25.39,34,38
2023-03-10 20:35,32,10.57,31,37
2023-03-10 20:35,16,15.04,31,36
2023-03-10 20:30,97,54.36,0,0
2023-03-10 20:30,20,9.66,31,33
2023-03-10 20:25,81,12.84,21,25
2023-03-10 20:25,22,8.95,34,38
2023-03-10 20:20,Автомобилей,"Занятость, %","Ср.скорость, км/ч","85 процентиль, км/ч"
2023-03-10 20:20,29,28.87,34,41
2023-03-10 20:15,25,22.54,29,36
2023-03-10 20:15,30,10.21,30,37
2023-03-10 20:10,26,31.86,37,42
2023-03-10 20:05,98,19.64,29,35
2023-03-10 20:05,29,19.41,28,33
2023-03-10 20:00,34,37.86,8,8
2023-03-10 20:00,23,35.71,31,36
2023-03-10 19:55,96,23.80,28,31
2023-03-10 19:55,24,22.63,30,34
2023-03-10 19:50,Автомобилей,"Занятость, %","Ср.скорость, км/ч","85 процентиль, км/ч"
2023-03-10 19:50,18,44.99,32,37
2023-03-10 19:45,31,15.26,33,37
2023-03-10 19:45,42,10.31,32,36
2023-03-10 19:40,22,27.47,30,34
2023-03-10 19:35,74,38.29,29,35
2023-03-10 19:35,32,29.36,30,36
2023-03-10 19:30,32,69.07,20,29
2023-03-10 19:30,21,29.74,31,35
2023-03-10 19:25,104,34.00,26,31
2023-03-10 19:25,24,44.44,31,33
2023-03-10 19:20,Автомобилей,"Занятость, %","Ср.скорость, км/ч","85 процентиль, км/ч"
2023-03-10 19:20,19,49.77,30,33
2023-03-10 19:15,36,40.22,30,34
2023-03-10 19:15,42,11.63,31,36
2023-03-10 19:10,28,42.62,30,35
2023-03-10 19:05,69,27.42,30,36
2023-03-10 19:05,29,42.84,33,40
2023-03-10 19:00,32,66.17,19,28
2023-03-10 19:00,23,49.43,31,35
2023-03-10 18:55,113,23.57,27,31
2023-03-10 18:55,28,22.90,30,34
2023-03-10 18:50,Автомобилей,"Занятость, %","Ср.скорость, км/ч","85 процентиль, км/ч"
2023-03-10 18:50,18,20.77,29,33
2023-03-10 18:45,29,64.41,32,37
2023-03-10 18:45,36,10.73,27,32
2023-03-10 18:40,24,27.43,30,34
2023-03-10 18:35,69,25.98,31,36
2023-03-10 18:35,36,40.38,34,39
2023-03-10 18:30,47,64.57,19,24
2023-03-10 18:30,25,35.08,29,32
2023-03-10 18:25,117,40.87,27,31
2023-03-10 18:25,27,41.89,33,35
2023-03-10 18:20,Автомобилей,"Занятость, %","Ср.скорость, км/ч","85 процентиль, км/ч"
2023-03-10 18:20,20,69.71,35,39
2023-03-10 18:15,21,12.75,33,43
2023-03-10 18:15,33,7.99,29,35
2023-03-10 18:10,33,36.95,33,37
2023-03-10 18:05,59,45.57,33,37
2023-03-10 18:05,29,61.61,33,37
2023-03-10 18:00,46,61.44,20,28
2023-03-10 18:00,17,11.06,32,35
2023-03-10 17:55,110,44.99,28,33
2023-03-10 17:55,33,50.77,35,40
2023-03-10 17:50,Автомобилей,"Занятость, %","Ср.скорость, км/ч","85 процентиль, км/ч"
2023-03-10 17:50,33,36.19,30,34
2023-03-10 17:45,32,21.39,34,40
2023-03-10 17:45,35,9.24,30,35
2023-03-10 17:40,36,74.38,32,36
2023-03-10 17:35,95,27.27,30,33
2023-03-10 17:35,51,39.74,31,34
2023-03-10 17:30,39,39.39,17,22
2023-03-10 17:30,35,18.62,30,34
2023-03-10 17:25,126,54.98,27,33
2023-03-10 17:25,34,66.92,32,37
2023-03-10 17:20,Автомобилей,"Занятость, %","Ср.скорость, км/ч","85 процентиль, км/ч"
2023-03-10 17:20,27,30.16,30,35
2023-03-10 17:15,38,50.13,31,36
2023-03-10 17:15,36,13.58,31,38
2023-03-10 17:10,33,51.40,28,35
2023-03-10 17:05,67,30.46,30,35
2023-03-10 17:05,37,38.28,30,35
2023-03-10 17:00,47,76.43,19,27
2023-03-10 17:00,30,35.22,34,37
2023-03-10 16:55,132,55.57,26,32
2023-03-10 16:55,39,60.89,32,36
2023-03-10 16:50,Автомобилей,"Занятость, %","Ср.скорость, км/ч","85 процентиль, км/ч"
2023-03-10 16:50,38,11.92,28,32
2023-03-10 16:45,43,39.19,29,35
2023-03-10 16:45,40,23.49,29,32
2023-03-10 16:40,22,46.42,33,39
2023-03-10 16:35,71,26.41,31,34
2023-03-10 16:35,36,37.86,31,35
2023-03-10 16:30,41,68.41,21,29
2023-03-10 16:30,32,28.44,32,36
2023-03-10 16:25,117,77.81,27,31
2023-03-10 16:25,36,65.14,33,36
2023-03-10 16:20,Автомобилей,"Занятость, %","Ср.скорость, км/ч","85 процентиль, км/ч"
2023-03-10 16:20,31,44.75,32,36
2023-03-10 16:15,39,39.34,30,34
2023-03-10 16:15,45,84.28,27,32
2023-03-10 16:10,25,11.67,30,35
2023-03-10 16:05,80,51.93,30,34
2023-03-10 16:05,41,39.50,31,36
2023-03-10 16:00,43,55.87,19,29
2023-03-10 16:00,34,45.13,35,40
2023-03-10 15:55,122,36.15,25,30
2023-03-10 15:55,42,36.89,32,36
2023-03-10 15:50,Автомобилей,"Занятость, %","Ср.скорость, км/ч","85 процентиль, км/ч"
2023-03-10 15:50,41,14.36,32,36
2023-03-10 15:45,42,38.32,32,38
2023-03-10 15:45,28,13.51,29,34
2023-03-10 15:40,25,33.05,33,38
2023-03-10 15:35,61,32.21,31,36
2023-03-10 15:35,37,42.56,31,35
2023-03-10 15:30,33,60.84,19,25
2023-03-10 15:30,31,13.98,30,38
2023-03-10 15:25,129,27.64,27,32
2023-03-10 15:25,40,13.46,30,34
2023-03-10 15:20,Автомобилей,"Занятость, %","Ср.скорость, км/ч","85 процентиль, км/ч"
2023-03-10 15:20,40,31.70,34,39
2023-03-10 15:15,34,23.03,30,34
2023-03-10 15:15,35,88.56,29,37
2023-03-10 15:10,34,14.54,33,35
2023-03-10 15:05,59,52.25,31,36
2023-03-10 15:05,25,34.60,32,39
2023-03-10 15:00,36,60.04,15,23
2023-03-10 15:00,27,46.92,31,36
2023-03-10 14:55,108,38.03,25,31
2023-03-10 14:55,36,35.68,30,35
2023-03-10 14:50,Автомобилей,"Занятость, %","Ср.скорость, км/ч","85 процентиль, км/ч"
2023-03-10 14:50,35,14.99,31,35
2023-03-10 14:45,25,36.06,30,35
2023-03-10 14:45,24,10.31,28,34
2023-03-10 14:40,42,16.47,30,33
2023-03-10 14:35,81,45.63,31,37
2023-03-10 14:35,52,49.75,31,36
2023-03-10 14:30,44,72.38,15,24
2023-03-10 14:30,41,12.99,33,36
2023-03-10 14:25,126,62.64,27,32
2023-03-10 14:25,38,57.61,31,36
2023-03-10 14:20,Автомобилей,"Занятость, %","Ср.скорость, км/ч","85 процентиль, км/ч"
2023-03-10 14:20,29,48.98,34,41
2023-03-10 14:15,33,31.67,33,37
2023-03-10 14:15,30,13.73,32,37
2023-03-10 14:10,34,12.52,35,40
2023-03-10 14:05,57,33.62,32,37
2023-03-10 14:05,27,28.70,31,36
2023-03-10 14:00,48,65.90,18,24
2023-03-10 14:00,38,47.02,31,36
2023-03-10 13:55,103,65.02,26,31
2023-03-10 13:55,30,40.47,29,33
2023-03-10 13:50,Автомобилей,"Занятость, %","Ср.скорость, км/ч","85 процентиль, км/ч"
2023-03-10 13:50,34,31.98,35,43
2023-03-10 13:45,34,34.19,33,37
2023-03-10 13:45,28,71.95,32,39
2023-03-10 13:40,39,32.08,29,36
2023-03-10 13:35,86,49.63,30,34
2023-03-10 13:35,43,34.91,29,33
2023-03-10 13:30,39,69.51,14,21
2023-03-10 13:30,38,41.95,31,36
2023-03-10 13:25,109,57.15,27,34
2023-03-10 13:25,35,51.52,32,36
2023-03-10 13:20,Автомобилей,"Занятость, %","Ср.скорость, км/ч","85 процентиль, км/ч"
2023-03-10 13:20,35,39.61,31,38
2023-03-10 13:15,23,13.34,33,36
2023-03-10 13:15,25,92.38,33,37
2023-03-10 13:10,37,30.14,31,35
2023-03-10 13:05,49,64.89,33,39
2023-03-10 13:05,34,31.81,34,40
2023-03-10 13:00,46,78.31,15,20
2023-03-10 13:00,28,55.83,32,35
2023-03-10 12:55,93,63.61,26,33
2023-03-10 12:55,32,27.88,32,36
2023-03-10 12:50,Автомобилей,"Занятость, %","Ср.скорость, км/ч","85 процентиль, км/ч"
2023-03-10 12:50,45,18.36,32,36
2023-03-10 12:45,39,14.43,31,38
2023-03-10 12:45,30,86.80,32,37
2023-03-10 12:40,51,33.42,31,39
2023-03-10 12:35,71,59.86,30,37
2023-03-10 12:35,45,23.73,28,35
2023-03-10 12:30,38,61.50,19,27
2023-03-10 12:30,17,10.77,32,37
2023-03-10 12:25,97,62.51,27,33
2023-03-10 12:25,30,50.71,34,40
2023-03-10 12:20,Автомобилей,"Занятость, %","Ср.скорость, км/ч","85 процентиль, км/ч"
2023-03-10 12:20,35,51.23,31,36
2023-03-10 12:15,34,19.46,32,37
2023-03-10 12:15,30,93.30,30,35
2023-03-10 12:10,32,19.42,30,35
2023-03-10 12:05,51,69.32,29,35
2023-03-10 12:05,27,46.09,32,36
2023-03-10 12:00,37,57.66,17,25
2023-03-10 12:00,36,38.92,32,37
2023-03-10 11:55,86,49.65,27,34
2023-03-10 11:55,26,33.00,31,36
2023-03-10 11:50,Автомобилей,"Занятость, %","Ср.скорость, км/ч","85 процентиль, км/ч"
2023-03-10 11:50,46,34.67,33,37
2023-03-10 11:45,37,52.13,30,35
2023-03-10 11:45,32,54.37,31,37
2023-03-10 11:40,45,18.55,32,36
2023-03-10 11:35,68,30.24,33,39
2023-03-10 11:35,39,37.74,35,40
2023-03-10 11:30,58,59.91,18,24
2023-03-10 11:30,38,35.38,29,36
2023-03-10 11:25,133,36.03,26,33
2023-03-10 11:25,43,17.04,30,35
2023-03-10 11:20,Автомобилей,"Занятость, %","Ср.скорость, км/ч","85 процентиль, км/ч"
2023-03-10 11:20,30,17.21,35,39
2023-03-10 11:15,33,52.56,34,39
2023-03-10 11:15,27,46.44,26,35
2023-03-10 11:10,33,49.12,30,35
2023-03-10 11:05,65,48.00,31,38
2023-03-10 11:05,41,41.62,34,38
2023-03-10 11:00,38,29.16,16,25
2023-03-10 11:00,24,26.40,33,36
2023-03-10 10:55,107,52.64,26,32
2023-03-10 10:55,33,44.14,33,37
2023-03-10 10:50,Автомобилей,"Занятость, %","Ср.скорость, км/ч","85 процентиль, км/ч"
2023-03-10 10:50,35,40.52,32,35
2023-03-10 10:45,29,13.00,34,39
2023-03-10 10:45,26,43.14,33,43
2023-03-10 10:40,30,51.62,33,37
2023-03-10 10:35,57,50.73,31,38
2023-03-10 10:35,30,70.24,33,39
2023-03-10 10:30,37,44.19,17,24
2023-03-10 10:30,39,16.51,32,36
2023-03-10 10:25,120,39.64,27,32
2023-03-10 10:25,35,33.18,32,36
2023-03-10 10:20,Автомобилей,"Занятость, %","Ср.скорость, км/ч","85 процентиль, км/ч"
2023-03-10 10:20,44,17.97,32,37
2023-03-10 10:15,33,35.66,35,41
2023-03-10 10:15,37,51.38,30,34
2023-03-10 10:10,31,31.70,32,38
2023-03-10 10:05,65,54.44,31,36
2023-03-10 10:05,41,49.65,31,35
2023-03-10 10:00,38,60.58,19,27
2023-03-10 10:00,55,14.62,34,39
2023-03-10 09:55,94,43.15,27,33
2023-03-10 09:55,26,45.91,31,34
2023-03-10 09:50,Автомобилей,"Занятость, %","Ср.скорость, км/ч","85 процентиль, км/ч"
2023-03-10 09:50,38,44.23,32,35
2023-03-10 09:45,36,31.45,32,38
2023-03-10 09:45,23,84.44,28,37
2023-03-10 09:40,38,37.87,34,39
2023-03-10 09:35,58,66.89,33,39
2023-03-10 09:35,29,58.39,33,38
2023-03-10 09:30,54,70.10,17,24
2023-03-10 09:30,42,21.47,31,36
2023-03-10 09:25,107,51.89,28,33
2023-03-10 09:25,34,27.30,32,37
2023-03-10 09:20,Автомобилей,"Занятость, %","Ср.скорость, км/ч","85 процентиль, км/ч"
2023-03-10 09:20,44,41.66,35,39
2023-03-10 09:15,39,43.69,34,38
2023-03-10 09:15,34,67.09,31,36
2023-03-10 09:10,44,39.12,33,36
2023-03-10 09:05,67,31.40,32,38
2023-03-10 09:05,33,52.78,34,42
2023-03-10 09:00,51,66.02,17,25
2023-03-10 09:00,49,59.37,34,37
2023-03-10 08:55,109,39.98,24,30
2023-03-10 08:55,44,35.39,33,37
2023-03-10 08:50,Автомобилей,"Занятость, %","Ср.скорость, км/ч","85 процентиль, км/ч"
2023-03-10 08:50,60,40.07,31,36
2023-03-10 08:45,45,15.07,33,38
2023-03-10 08:45,42,11.44,30,33
2023-03-10 08:40,43,34.72,33,37
2023-03-10 08:35,78,39.61,31,35
2023-03-10 08:35,42,69.00,33,36
2023-03-10 08:30,41,46.29,19,25
2023-03-10 08:30,52,11.79,32,36
2023-03-10 08:25,118,37.43,28,33
2023-03-10 08:25,38,49.09,33,37
2023-03-10 08:20,Автомобилей,"Занятость, %","Ср.скорость, км/ч","85 процентиль, км/ч"
2023-03-10 08:20,45,45.15,31,33
2023-03-10 08:15,34,9.39,36,40
2023-03-10 08:15,37,9.40,32,38
2023-03-10 08:10,43,13.19,34,39
2023-03-10 08:05,69,10.77,33,37
2023-03-10 08:05,36,11.81,35,38
2023-03-10 08:00,41,38.01,22,29
2023-03-10 08:00,49,37.67,34,38
2023-03-10 07:55,102,37.05,28,34
2023-03-10 07:55,33,49.02,32,37
2023-03-10 07:50,Автомобилей,"Занятость, %","Ср.скорость, км/ч","85 процентиль, км/ч"
2023-03-10 07:50,33,24.15,34,37
2023-03-10 07:45,35,29.95,33,36
2023-03-10 07:45,37,10.46,31,35
2023-03-10 07:40,37,51.32,36,40
2023-03-10 07:35,60,19.27,34,38
2023-03-10 07:35,26,23.20,35,39
2023-03-10 07:30,29,40.73,24,35
2023-03-10 07:30,37,17.15,37,40
2023-03-10 07:25,80,23.89,26,30
2023-03-10 07:25,28,32.20,35,40
2023-03-10 07:20,Автомобилей,"Занятость, %","Ср.скорость, км/ч","85 процентиль, км/ч"
2023-03-10 07:20,33,25.15,32,38
2023-03-10 07:15,23,26.11,37,40
2023-03-10 07:15,23,6.50,34,40
2023-03-10 07:10,41,9.60,36,40
2023-03-10 07:05,65,17.46,33,36
2023-03-10 07:05,28,25.88,35,37
2023-03-10 07:00,38,43.40,17,28
2023-03-10 07:00,36,27.81,38,43
2023-03-10 06:55,88,16.41,28,34
2023-03-10 06:55,34,9.42,36,41
2023-03-10 06:50,Автомобилей,"Занятость, %","Ср.скорость, км/ч","85 процентиль, км/ч"
2023-03-10 06:50,28,11.46,36,40
2023-03-10 06:45,25,42.86,33,37
2023-03-10 06:45,37,10.00,35,43
2023-03-10 06:40,18,22.85,33,35
2023-03-10 06:35,40,19.10,33,38
2023-03-10 06:35,18,31.55,33,37
2023-03-10 06:30,10,53.38,24,45
2023-03-10 06:30,15,33.67,35,38
2023-03-10 06:25,48,7.75,24,32
2023-03-10 06:25,20,6.25,30,33
2023-03-10 06:20,Автомобилей,"Занятость, %","Ср.скорость, км/ч","85 процентиль, км/ч"
2023-03-10 06:20,13,20.76,33,38
2023-03-10 06:15,10,14.70,34,37
2023-03-10 06:15,11,3.31,34,44
2023-03-10 06:10,12,13.31,32,37
2023-03-10 06:05,18,3.22,34,37
2023-03-10 06:05,7,3.07,35,38
2023-03-10 06:00,4,17.66,11,18
2023-03-10 06:00,9,18.27,32,34
2023-03-10 05:55,15,6.71,30,39
2023-03-10 05:55,6,9.56,32,37
2023-03-10 05:50,Автомобилей,"Занятость, %","Ср.скорость, км/ч","85 процентиль, км/ч"
2023-03-10 05:50,3,2.02,30,30
2023-03-10 05:45,10,9.97,35,39
2023-03-10 05:45,11,3.66,31,36
2023-03-10 05:40,2,8.39,28,28
2023-03-10 05:35,14,18.57,30,32
2023-03-10 05:35,4,34.22,33,33
2023-03-10 05:30,1,6.63,11,11
2023-03-10 05:30,1,5.78,0,0
2023-03-10 05:25,9,1.58,28,32
2023-03-10 05:25,1,1.33,36,36
2023-03-10 05:20,Автомобилей,"Занятость, %","Ср.скорость, км/ч","85 процентиль, км/ч"
2023-03-10 05:20,4,22.70,30,30
2023-03-10 05:15,2,11.26,0,0
2023-03-10 05:15,2,0.75,30,30
2023-03-10 05:10,4,1.59,26,26
2023-03-10 05:05,6,1.00,35,35
2023-03-10 05:05,1,0.94,33,33
2023-03-10 05:00,1,9.24,14,14
2023-03-10 05:00,3,1.95,29,29
2023-03-10 04:55,6,4.94,17,18
2023-03-10 04:55,1,1.30,0,0
2023-03-10 04:50,Автомобилей,"Занятость, %","Ср.скорость, км/ч","85 процентиль, км/ч"
2023-03-10 04:50,1,18.29,0,0
2023-03-10 04:45,0,1.37,0,0
2023-03-10 04:45,8,1.86,34,37
2023-03-10 04:40,1,1.09,0,0
2023-03-10 04:35,9,3.08,30,32
2023-03-10 04:35,1,3.94,30,30
2023-03-10 04:30,3,12.65,10,19
2023-03-10 04:30,0,6.53,0,0
2023-03-10 04:25,8,1.02,10,12
2023-03-10 04:25,1,1.13,0,0
2023-03-10 04:20,Автомобилей,"Занятость, %","Ср.скорость, км/ч","85 процентиль, км/ч"
2023-03-10 04:20,0,0.29,0,0
2023-03-10 04:15,0,0.39,0,0
2023-03-10 04:15,5,1.20,31,41
2023-03-10 04:10,3,1.18,0,0
2023-03-10 04:05,4,0.78,40,41
2023-03-10 04:05,2,0.70,43,45
2023-03-10 04:00,3,8.14,23,32
2023-03-10 04:00,2,1.18,0,0
2023-03-10 03:55,10,17.60,14,20
2023-03-10 03:55,0,18.46,0,0
2023-03-10 03:50,Автомобилей,"Занятость, %","Ср.скорость, км/ч","85 процентиль, км/ч"
2023-03-10 03:50,3,1.17,29,31
2023-03-10 03:45,1,1.30,21,21
2023-03-10 03:45,2,0.76,36,36
2023-03-10 03:40,2,1.61,32,38
2023-03-10 03:35,7,1.63,26,27
2023-03-10 03:35,3,1.83,26,26
2023-03-10 03:30,0,0.00,0,0
2023-03-10 03:30,1,0.87,30,30
2023-03-10 03:25,2,0.18,12,12
2023-03-10 03:25,1,0.20,0,0
2023-03-10 03:20,Автомобилей,"Занятость, %","Ср.скорость, км/ч","85 процентиль, км/ч"
2023-03-10 03:20,1,0.41,36,36
2023-03-10 03:15,3,1.32,29,30
2023-03-10 03:15,3,0.64,35,43
2023-03-10 03:10,0,0.82,0,0
2023-03-10 03:05,2,7.55,16,17
2023-03-10 03:05,0,14.67,0,0
2023-03-10 03:00,1,4.70,13,13
2023-03-10 03:00,0,4.23,0,0
2023-03-10 02:55,9,5.36,14,14
2023-03-10 02:55,1,0.70,0,0
2023-03-10 02:50,Автомобилей,"Занятость, %","Ср.скорость, км/ч","85 процентиль, км/ч"
2023-03-10 02:50,2,0.94,0,0
2023-03-10 02:45,1,0.54,0,0
2023-03-10 02:45,2,0.54,36,36
2023-03-10 02:40,1,1.23,36,36
2023-03-10 02:35,2,7.01,0,0
2023-03-10 02:35,0,13.71,0,0
2023-03-10 02:30,3,4.88,14,29
2023-03-10 02:30,0,4.86,0,0
2023-03-10 02:25,8,14.11,16,18
2023-03-10 02:25,1,10.63,0,0
2023-03-10 02:20,Автомобилей,"Занятость, %","Ср.скорость, км/ч","85 процентиль, км/ч"
2023-03-10 02:20,1,18.31,36,36
2023-03-10 02:15,1,3.07,29,29
2023-03-10 02:15,2,0.50,31,40
2023-03-10 02:10,0,2.04,0,0
2023-03-10 02:05,4,0.56,26,27
2023-03-10 02:05,2,0.43,29,30
2023-03-10 02:00,3,8.33,17,30
2023-03-10 02:00,1,8.12,0,0
2023-03-10 01:55,4,0.32,12,12
2023-03-10 01:55,0,0.27,0,0
2023-03-10 01:50,Автомобилей,"Занятость, %","Ср.скорость, км/ч","85 процентиль, км/ч"
2023-03-10 01:50,1,16.84,36,36
2023-03-10 01:45,4,10.63,31,33
2023-03-10 01:45,8,2.09,36,40
2023-03-10 01:40,0,0.27,0,0
2023-03-10 01:35,5,11.99,28,32
2023-03-10 01:35,3,22.22,32,34
2023-03-10 01:30,2,27.41,9,9
2023-03-10 01:30,2,15.58,36,36
2023-03-10 01:25,8,0.72,31,37
2023-03-10 01:25,2,0.89,30,30
2023-03-10 01:20,Автомобилей,"Занятость, %","Ср.скорость, км/ч","85 процентиль, км/ч"
2023-03-10 01:20,0,0.77,0,0
2023-03-10 01:15,1,20.73,24,24
2023-03-10 01:15,37,10.55,28,35
2023-03-10 01:10,2,3.39,0,0
2023-03-10 01:05,4,5.32,16,17
2023-03-10 01:05,3,9.98,31,33
2023-03-10 01:00,2,21.79,33,33
2023-03-10 01:00,2,2.67,36,36
2023-03-10 00:55,15,2.24,21,23
2023-03-10 00:55,4,2.12,33,33
2023-03-10 00:50,Автомобилей,"Занятость, %","Ср.скорость, км/ч","85 процентиль, км/ч"
2023-03-10 00:50,3,1.82,30,39
2023-03-10 00:45,2,35.82,25,26
2023-03-10 00:45,5,1.16,31,33
2023-03-10 00:40,6,20.64,37,43
2023-03-10 00:35,11,7.60,31,34
2023-03-10 00:35,5,13.29,30,33
2023-03-10 00:30,3,3.17,23,37
2023-03-10 00:30,5,2.18,32,38
2023-03-10 00:25,17,8.03,27,33
2023-03-10 00:25,4,2.29,32,39
2023-03-10 00:20,Автомобилей,"Занятость, %","Ср.скорость, км/ч","85 процентиль, км/ч"
2023-03-10 00:20,4,11.26,0,0
2023-03-10 00:15,4,19.02,33,33
2023-03-10 00:15,10,2.46,30,37
2023-03-10 00:10,5,20.47,31,34
2023-03-10 00:05,10,56.98,16,17
2023-03-10 00:05,3,14.10,0,0
2023-03-10 00:00,4,2.99,16,25
2023-03-10 00:00,2,1.68,33,33
2023-03-09 23:55,14,10.63,31,38
2023-03-09 23:55,4,14.49,32,35
2023-03-09 23:50,Автомобилей,"Занятость, %","Ср.скорость, км/ч","85 процентиль, км/ч"
2023-03-09 23:50,8,3.40,31,33
2023-03-09 23:45,3,19.75,33,33
2023-03-09 23:45,7,1.74,32,39
2023-03-09 23:40,3,13.21,30,30
2023-03-09 23:35,14,18.32,34,41
2023-03-09 23:35,6,34.13,35,43
2023-03-09 23:30,10,9.85,19,33
2023-03-09 23:30,4,3.27,32,38
2023-03-09 23:25,17,17.94,28,33
2023-03-09 23:25,1,24.62,30,30
2023-03-09 23:20,Автомобилей,"Занятость, %","Ср.скорость, км/ч","85 процентиль, км/ч"
2023-03-09 23:20,4,16.62,28,28
2023-03-09 23:15,11,22.53,24,24
2023-03-09 23:15,5,2.32,30,32
2023-03-09 23:10,8,12.64,40,40
2023-03-09 23:05,25,7.90,30,35
2023-03-09 23:05,10,11.32,30,36
2023-03-09 23:00,12,47.83,14,26
2023-03-09 23:00,6,24.42,33,36
2023-03-09 22:55,26,18.04,29,36
2023-03-09 22:55,5,24.05,34,36
2023-03-09 22:50,Автомобилей,"Занятость, %","Ср.скорость, км/ч","85 процентиль, км/ч"
2023-03-09 22:50,2,14.36,30,30
2023-03-09 22:45,12,46.00,31,35
2023-03-09 22:45,8,3.37,26,34
2023-03-09 22:40,7,20.89,30,33
2023-03-09 22:35,29,8.28,29,33
2023-03-09 22:35,9,11.28,28,32
2023-03-09 22:30,12,29.23,20,39
2023-03-09 22:30,11,24.09,31,36
2023-03-09 22:25,33,12.77,30,37
2023-03-09 22:25,7,16.59,33,37
2023-03-09 22:20,Автомобилей,"Занятость, %","Ср.скорость, км/ч","85 процентиль, км/ч"
2023-03-09 22:20,12,38.62,30,35
2023-03-09 22:15,11,12.77,31,34
2023-03-09 22:15,12,3.48,29,34
2023-03-09 22:10,8,20.67,30,33
2023-03-09 22:05,27,7.95,32,37
2023-03-09 22:05,14,12.00,33,38
2023-03-09 22:00,21,45.99,17,30
2023-03-09 22:00,14,18.97,33,35
2023-03-09 21:55,41,23.12,28,35
2023-03-09 21:55,8,31.87,36,46
2023-03-09 21:50,Автомобилей,"Занятость, %","Ср.скорость, км/ч","85 процентиль, км/ч"
2023-03-09 21:50,7,11.72,28,33
2023-03-09 21:45,14,8.23,34,38
2023-03-09 21:45,13,5.59,31,32
2023-03-09 21:40,16,23.07,29,35
2023-03-09 21:35,36,7.28,34,38
2023-03-09 21:35,13,8.00,34,37
2023-03-09 21:30,30,49.49,17,25
2023-03-09 21:30,16,28.94,33,37
2023-03-09 21:25,54,27.05,29,36
2023-03-09 21:25,8,26.85,34,40
2023-03-09 21:20,Автомобилей,"Занятость, %","Ср.скорость, км/ч","85 процентиль, км/ч"
2023-03-09 21:20,21,55.77,33,37
2023-03-09 21:15,19,30.47,29,36
2023-03-09 21:15,16,6.36,29,34
2023-03-09 21:10,18,8.72,30,35
2023-03-09 21:05,37,8.06,31,37
2023-03-09 21:05,17,10.19,34,40
2023-03-09 21:00,19,47.18,15,23
2023-03-09 21:00,14,35.55,30,36
2023-03-09 20:55,70,22.92,27,34
2023-03-09 20:55,15,27.64,32,36
2023-03-09 20:50,Автомобилей,"Занятость, %","Ср.скорость, км/ч","85 процентиль, км/ч"
2023-03-09 20:50,23,15.82,32,35
2023-03-09 20:45,22,10.14,31,34
2023-03-09 20:45,26,7.79,29,36
2023-03-09 20:40,16,26.35,31,34
2023-03-09 20:35,35,11.26,31,37
2023-03-09 20:35,14,15.74,30,35
2023-03-09 20:30,27,27.95,17,27
2023-03-09 20:30,26,17.99,33,39
2023-03-09 20:25,93,22.76,28,33
2023-03-09 20:25,27,25.65,31,34
2023-03-09 20:20,Автомобилей,"Занятость, %","Ср.скорость, км/ч","85 процентиль, км/ч"
2023-03-09 20:20,24,34.12,33,40
2023-03-09 20:15,29,33.49,31,35
2023-03-09 20:15,35,10.62,31,36
2023-03-09 20:10,25,30.95,33,38
2023-03-09 20:05,51,9.86,31,35
2023-03-09 20:05,26,11.44,31,35
2023-03-09 20:00,28,17.83,21,34
2023-03-09 20:00,22,8.40,32,36
2023-03-09 19:55,78,28.25,27,33
2023-03-09 19:55,19,17.83,33,38
2023-03-09 19:50,Автомобилей,"Занятость, %","Ср.скорость, км/ч","85 процентиль, км/ч"
2023-03-09 19:50,16,24.86,33,38
2023-03-09 19:45,23,40.93,32,36
2023-03-09 19:45,28,10.65,29,36
2023-03-09 19:40,20,51.25,32,34
2023-03-09 19:35,45,20.13,32,35
2023-03-09 19:35,25,33.77,33,37
2023-03-09 19:30,38,42.65,22,28
2023-03-09 19:30,22,15.71,34,38
2023-03-09 19:25,111,31.60,25,29
2023-03-09 19:25,25,20.62,32,37
2023-03-09 19:20,Автомобилей,"Занятость, %","Ср.скорость, км/ч","85 процентиль, км/ч"
2023-03-09 19:20,18,26.26,34,40
2023-03-09 19:15,28,42.89,31,35
2023-03-09 19:15,34,10.41,31,37
2023-03-09 19:10,18,47.19,33,38
2023-03-09 19:05,74,16.87,29,33
2023-03-09 19:05,40,22.06,30,34
2023-03-09 19:00,42,75.59,18,21
2023-03-09 19:00,27,72.72,30,33
2023-03-09 18:55,125,27.19,26,32
2023-03-09 18:55,33,22.02,31,36
2023-03-09 18:50,Автомобилей,"Занятость, %","Ср.скорость, км/ч","85 процентиль, км/ч"
2023-03-09 18:50,27,26.66,31,35
2023-03-09 18:45,24,20.50,32,35
2023-03-09 18:45,38,9.63,29,35
2023-03-09 18:40,17,48.68,35,40
2023-03-09 18:35,48,15.89,31,36
2023-03-09 18:35,21,22.34,31,36
2023-03-09 18:30,41,54.99,15,20
2023-03-09 18:30,22,49.21,28,33
2023-03-09 18:25,86,38.73,25,30
2023-03-09 18:25,19,36.08,30,34
2023-03-09 18:20,Автомобилей,"Занятость, %","Ср.скорость, км/ч","85 процентиль, км/ч"
2023-03-09 18:20,19,32.90,33,44
2023-03-09 18:15,33,37.56,32,36
2023-03-09 18:15,36,13.33,30,35
2023-03-09 18:10,30,11.82,34,37
2023-03-09 18:05,76,12.84,33,40
2023-03-09 18:05,37,15.02,35,44
2023-03-09 18:00,50,72.84,19,26
2023-03-09 18:00,28,33.68,34,39
2023-03-09 17:55,119,48.23,27,33
2023-03-09 17:55,38,60.44,34,38
2023-03-09 17:50,Автомобилей,"Занятость, %","Ср.скорость, км/ч","85 процентиль, км/ч"
2023-03-09 17:50,24,33.32,33,39
2023-03-09 17:45,32,29.85,32,36
2023-03-09 17:45,29,9.25,32,37
2023-03-09 17:40,22,47.92,33,37
2023-03-09 17:35,69,33.43,34,39
2023-03-09 17:35,37,57.30,35,41
2023-03-09 17:30,41,72.49,17,25
2023-03-09 17:30,24,33.57,38,45
2023-03-09 17:25,134,43.78,28,33
2023-03-09 17:25,34,45.44,35,39
2023-03-09 17:20,Автомобилей,"Занятость, %","Ср.скорость, км/ч","85 процентиль, км/ч"
2023-03-09 17:20,24,52.03,33,38
2023-03-09 17:15,37,57.60,34,40
2023-03-09 17:15,31,11.94,29,37
2023-03-09 17:10,29,15.93,33,38
2023-03-09 17:05,81,38.84,30,35
2023-03-09 17:05,42,60.69,32,36
2023-03-09 17:00,40,54.38,17,25
2023-03-09 17:00,23,10.79,29,34
2023-03-09 16:55,102,53.34,27,34
2023-03-09 16:55,33,53.85,31,37
2023-03-09 16:50,Автомобилей,"Занятость, %","Ср.скорость, км/ч","85 процентиль, км/ч"
2023-03-09 16:50,26,21.23,33,37
2023-03-09 16:45,44,31.34,33,37
2023-03-09 16:45,35,27.06,30,35
2023-03-09 16:40,21,25.69,30,34
2023-03-09 16:35,56,53.13,32,40
2023-03-09 16:35,28,57.96,32,40
2023-03-09 16:30,47,77.24,17,23
2023-03-09 16:30,35,12.84,32,36
2023-03-09 16:25,118,79.42,27,34
2023-03-09 16:25,37,78.97,31,35
2023-03-09 16:20,Автомобилей,"Занятость, %","Ср.скорость, км/ч","85 процентиль, км/ч"
2023-03-09 16:20,31,30.40,33,37
2023-03-09 16:15,41,54.92,33,37
2023-03-09 16:15,48,93.99,30,35
2023-03-09 16:10,29,48.23,36,40
2023-03-09 16:05,59,53.87,31,37
2023-03-09 16:05,30,42.69,34,38
2023-03-09 16:00,33,56.16,19,25
2023-03-09 16:00,26,29.70,38,44
2023-03-09 15:55,105,61.04,26,31
2023-03-09 15:55,24,46.89,33,37
2023-03-09 15:50,Автомобилей,"Занятость, %","Ср.скорость, км/ч","85 процентиль, км/ч"
2023-03-09 15:50,38,51.37,30,37
2023-03-09 15:45,32,67.08,35,41
2023-03-09 15:45,25,76.33,32,37
2023-03-09 15:40,36,58.20,32,38
2023-03-09 15:35,73,57.82,32,37
2023-03-09 15:35,34,15.65,32,36
2023-03-09 15:30,38,56.51,15,23
2023-03-09 15:30,17,9.75,33,36
2023-03-09 15:25,103,51.89,29,35
2023-03-09 15:25,33,18.28,34,39
2023-03-09 15:20,Автомобилей,"Занятость, %","Ср.скорость, км/ч","85 процентиль, км/ч"
2023-03-09 15:20,31,26.36,34,42
2023-03-09 15:15,31,59.40,30,35
2023-03-09 15:15,41,100.00,29,35
2023-03-09 15:10,29,27.56,35,42
2023-03-09 15:05,70,63.44,31,37
2023-03-09 15:05,37,26.98,32,38
2023-03-09 15:00,52,52.57,19,26
2023-03-09 15:00,44,27.89,34,39
2023-03-09 14:55,111,64.24,27,33
2023-03-09 14:55,41,27.93,32,36
2023-03-09 14:50,Автомобилей,"Занятость, %","Ср.скорость, км/ч","85 процентиль, км/ч"
2023-03-09 14:50,32,30.80,30,35
2023-03-09 14:45,28,10.38,33,39
2023-03-09 14:45,21,99.95,28,33
2023-03-09 14:40,24,31.56,31,37
2023-03-09 14:35,42,68.34,31,38
2023-03-09 14:35,26,41.20,33,39
2023-03-09 14:30,53,71.03,17,25
2023-03-09 14:30,28,44.92,34,40
2023-03-09 14:25,98,63.73,29,36
2023-03-09 14:25,27,22.03,36,44
2023-03-09 14:20,Автомобилей,"Занятость, %","Ср.скорость, км/ч","85 процентиль, км/ч"
2023-03-09 14:20,35,12.52,31,35
2023-03-09 14:15,31,29.18,34,38
2023-03-09 14:15,20,79.90,34,39
2023-03-09 14:10,37,31.34,32,36
2023-03-09 14:05,60,70.13,32,37
2023-03-09 14:05,35,49.86,33,37
2023-03-09 14:00,49,67.63,19,28
2023-03-09 14:00,42,45.65,33,38
2023-03-09 13:55,125,61.50,28,33
2023-03-09 13:55,38,36.85,34,39
2023-03-09 13:50,Автомобилей,"Занятость, %","Ср.скорость, км/ч","85 процентиль, км/ч"
2023-03-09 13:50,30,24.18,33,40
2023-03-09 13:45,30,28.22,33,37
2023-03-09 13:45,23,91.44,32,37
2023-03-09 13:40,20,24.41,32,36
2023-03-09 13:35,57,61.67,32,38
2023-03-09 13:35,27,30.15,33,39
2023-03-09 13:30,54,54.98,13,19
2023-03-09 13:30,35,30.32,31,35
2023-03-09 13:25,136,53.37,27,34
2023-03-09 13:25,41,14.84,33,37
2023-03-09 13:20,Автомобилей,"Занятость, %","Ср.скорость, км/ч","85 процентиль, км/ч"
2023-03-09 13:20,39,40.48,34,39
2023-03-09 13:15,36,46.10,30,35
2023-03-09 13:15,30,98.64,32,40
2023-03-09 13:10,31,35.72,31,35
2023-03-09 13:05,57,74.31,33,38
2023-03-09 13:05,30,55.66,34,38
2023-03-09 13:00,45,56.70,17,25
2023-03-09 13:00,28,45.90,32,38
2023-03-09 12:55,121,41.16,26,31
2023-03-09 12:55,33,38.25,32,38
2023-03-09 12:50,Автомобилей,"Занятость, %","Ср.скорость, км/ч","85 процентиль, км/ч"
2023-03-09 12:50,36,32.05,31,36
2023-03-09 12:45,41,27.96,33,37
2023-03-09 12:45,29,87.57,31,37
2023-03-09 12:40,43,45.11,34,41
2023-03-09 12:35,69,20.58,30,35
2023-03-09 12:35,39,30.66,32,37
2023-03-09 12:30,32,47.08,22,34
2023-03-09 12:30,32,46.30,28,33
2023-03-09 12:25,111,31.00,28,34
2023-03-09 12:25,35,13.01,32,37
2023-03-09 12:20,Автомобилей,"Занятость, %","Ср.скорость, км/ч","85 процентиль, км/ч"
2023-03-09 12:20,34,29.02,33,37
2023-03-09 12:15,34,44.07,33,37
2023-03-09 12:15,27,19.12,29,36
2023-03-09 12:10,34,42.35,32,37
2023-03-09 12:05,48,34.69,32,36
2023-03-09 12:05,31,46.98,34,37
2023-03-09 12:00,33,68.83,17,24
2023-03-09 12:00,35,61.53,33,37
2023-03-09 11:55,93,68.32,26,33
2023-03-09 11:55,27,47.50,34,39
2023-03-09 11:50,Автомобилей,"Занятость, %","Ср.скорость, км/ч","85 процентиль, км/ч"
2023-03-09 11:50,29,70.50,25,32
2023-03-09 11:45,42,15.25,31,35
2023-03-09 11:45,29,54.91,28,39
2023-03-09 11:40,45,63.08,30,34
2023-03-09 11:35,69,32.64,26,31
2023-03-09 11:35,37,45.80,27,34
2023-03-09 11:30,48,63.76,19,25
2023-03-09 11:30,39,26.25,32,37
2023-03-09 11:25,107,31.72,28,34
2023-03-09 11:25,37,42.23,30,35
2023-03-09 11:20,Автомобилей,"Занятость, %","Ср.скорость, км/ч","85 процентиль, км/ч"
2023-03-09 11:20,30,9.93,31,35
2023-03-09 11:15,31,30.40,32,36
2023-03-09 11:15,22,6.66,33,39
2023-03-09 11:10,34,33.41,33,38
2023-03-09 11:05,67,39.54,30,35
2023-03-09 11:05,37,68.08,32,37
2023-03-09 11:00,40,43.66,15,24
2023-03-09 11:00,41,23.54,34,38
2023-03-09 10:55,102,32.54,28,33
2023-03-09 10:55,33,31.21,32,36
2023-03-09 10:50,Автомобилей,"Занятость, %","Ср.скорость, км/ч","85 процентиль, км/ч"
2023-03-09 10:50,41,44.12,32,37
2023-03-09 10:45,26,33.45,30,35
2023-03-09 10:45,27,10.41,33,38
2023-03-09 10:40,32,26.80,31,35
2023-03-09 10:35,62,52.34,33,39
2023-03-09 10:35,30,59.63,33,39
2023-03-09 10:30,43,37.39,18,28
2023-03-09 10:30,26,33.83,34,39
2023-03-09 10:25,109,45.20,28,35
2023-03-09 10:25,36,30.84,33,40
2023-03-09 10:20,Автомобилей,"Занятость, %","Ср.скорость, км/ч","85 процентиль, км/ч"
2023-03-09 10:20,29,22.71,32,36
2023-03-09 10:15,37,37.61,33,37
2023-03-09 10:15,32,11.27,28,36
2023-03-09 10:10,30,10.33,32,38
2023-03-09 10:05,64,31.29,30,33
2023-03-09 10:05,30,43.67,31,34
2023-03-09 10:00,42,55.26,16,22
2023-03-09 10:00,40,52.54,34,39
2023-03-09 09:55,97,34.24,24,32
2023-03-09 09:55,28,29.48,34,40
2023-03-09 09:50,Автомобилей,"Занятость, %","Ср.скорость, км/ч","85 процентиль, км/ч"
2023-03-09 09:50,32,63.33,30,34
2023-03-09 09:45,34,34.07,33,36
2023-03-09 09:45,32,8.76,30,35
2023-03-09 09:40,43,13.29,32,37
2023-03-09 09:35,71,31.56,30,35
2023-03-09 09:35,37,50.84,31,36
2023-03-09 09:30,32,50.56,21,31
2023-03-09 09:30,34,37.28,34,38
2023-03-09 09:25,99,20.14,27,33
2023-03-09 09:25,28,10.02,34,39
2023-03-09 09:20,Автомобилей,"Занятость, %","Ср.скорость, км/ч","85 процентиль, км/ч"
2023-03-09 09:20,27,47.33,34,36
2023-03-09 09:15,26,31.91,34,37
2023-03-09 09:15,21,6.81,29,35
2023-03-09 09:10,44,55.87,27,36
2023-03-09 09:05,68,10.22,30,35
2023-03-09 09:05,37,11.07,34,38
2023-03-09 09:00,47,48.63,21,28
2023-03-09 09:00,37,34.81,35,41
2023-03-09 08:55,100,27.87,26,33
2023-03-09 08:55,31,24.05,34,38
2023-03-09 08:50,Автомобилей,"Занятость, %","Ср.скорость, км/ч","85 процентиль, км/ч"
2023-03-09 08:50,50,48.08,31,35
2023-03-09 08:45,39,41.71,33,35
2023-03-09 08:45,26,8.48,32,35
2023-03-09 08:40,56,58.86,33,38
2023-03-09 08:35,79,20.44,32,36
2023-03-09 08:35,46,30.63,33,37
2023-03-09 08:30,43,50.62,18,25
2023-03-09 08:30,54,35.31,31,35
2023-03-09 08:25,125,53.31,26,32
2023-03-09 08:25,44,71.53,31,37
2023-03-09 08:20,Автомобилей,"Занятость, %","Ср.скорость, км/ч","85 процентиль, км/ч"
2023-03-09 08:20,57,20.70,32,35
2023-03-09 08:15,46,40.12,34,37
2023-03-09 08:15,39,10.43,31,38
2023-03-09 08:10,38,15.64,33,37
2023-03-09 08:05,55,8.35,32,38
2023-03-09 08:05,28,8.82,34,40
2023-03-09 08:00,39,61.98,24,32
2023-03-09 08:00,39,34.96,33,38
2023-03-09 07:55,101,32.59,29,35
2023-03-09 07:55,33,27.97,36,40
2023-03-09 07:50,Автомобилей,"Занятость, %","Ср.скорость, км/ч","85 процентиль, км/ч"
2023-03-09 07:50,43,26.62,33,37
2023-03-09 07:45,29,31.97,36,40
2023-03-09 07:45,31,8.10,31,37
2023-03-09 07:40,43,31.01,34,39
2023-03-09 07:35,85,21.20,32,37
2023-03-09 07:35,33,32.37,32,38
2023-03-09 07:30,40,22.84,22,32
2023-03-09 07:30,35,21.31,36,40
2023-03-09 07:25,93,44.21,29,38
2023-03-09 07:25,27,52.17,34,39
2023-03-09 07:20,Автомобилей,"Занятость, %","Ср.скорость, км/ч","85 процентиль, км/ч"
2023-03-09 07:20,44,27.09,33,38
2023-03-09 07:15,27,10.41,33,38
2023-03-09 07:15,28,7.22,33,37
2023-03-09 07:10,38,20.47,33,38
2023-03-09 07:05,51,8.53,33,38
2023-03-09 07:05,22,9.42,34,37
2023-03-09 07:00,14,32.13,12,18
2023-03-09 07:00,27,29.67,34,39
2023-03-09 06:55,75,29.27,26,33
2023-03-09 06:55,29,34.44,35,39
2023-03-09 06:50,Автомобилей,"Занятость, %","Ср.скорость, км/ч","85 процентиль, км/ч"
2023-03-09 06:50,25,38.86,36,40
2023-03-09 06:45,21,22.34,33,36
2023-03-09 06:45,24,7.08,34,39
2023-03-09 06:40,20,22.14,33,39
2023-03-09 06:35,35,5.70,32,35
2023-03-09 06:35,10,5.60,31,31
2023-03-09 06:30,12,27.55,8,15
2023-03-09 06:30,20,12.92,35,40
2023-03-09 06:25,46,4.71,33,39
2023-03-09 06:25,13,5.05,33,33
2023-03-09 06:20,Автомобилей,"Занятость, %","Ср.скорость, км/ч","85 процентиль, км/ч"
2023-03-09 06:20,21,20.92,34,39
2023-03-09 06:15,6,15.34,31,36
2023-03-09 06:15,20,5.43,29,39
2023-03-09 06:10,11,3.36,37,42
2023-03-09 06:05,16,5.64,34,40
2023-03-09 06:05,5,8.20,37,42
2023-03-09 06:00,5,33.28,16,27
2023-03-09 06:00,5,23.29,34,38
2023-03-09 05:55,17,10.54,21,24
2023-03-09 05:55,5,3.77,25,25
2023-03-09 05:50,Автомобилей,"Занятость, %","Ср.скорость, км/ч","85 процентиль, км/ч"
2023-03-09 05:50,5,2.01,24,24
2023-03-09 05:45,6,5.97,25,32
2023-03-09 05:45,10,2.91,29,35
2023-03-09 05:40,4,1.37,33,35
2023-03-09 05:35,17,3.50,14,18
2023-03-09 05:35,2,2.75,0,0
2023-03-09 05:30,2,5.97,14,14
2023-03-09 05:30,2,1.26,33,33
2023-03-09 05:25,8,4.56,17,22
2023-03-09 05:25,2,1.30,30,30
2023-03-09 05:20,Автомобилей,"Занятость, %","Ср.скорость, км/ч","85 процентиль, км/ч"
2023-03-09 05:20,2,14.32,0,0
2023-03-09 05:15,3,3.21,0,0
2023-03-09 05:15,5,1.28,36,50
2023-03-09 05:10,1,8.49,22,22
2023-03-09 05:05,4,3.34,15,15
2023-03-09 05:05,1,4.89,0,0
2023-03-09 05:00,0,0.00,0,0
2023-03-09 05:00,4,1.23,24,29
2023-03-09 04:55,8,4.77,27,34
2023-03-09 04:55,1,1.22,28,28
2023-03-09 04:50,Автомобилей,"Занятость, %","Ср.скорость, км/ч","85 процентиль, км/ч"
2023-03-09 04:50,1,12.28,30,30
2023-03-09 04:45,3,3.10,31,36
2023-03-09 04:45,4,1.41,35,39
2023-03-09 04:40,5,1.13,30,33
2023-03-09 04:35,6,5.73,14,16
2023-03-09 04:35,1,10.06,0,0
2023-03-09 04:30,2,9.37,12,12
2023-03-09 04:30,2,9.42,29,29
2023-03-09 04:25,7,5.46,18,21
2023-03-09 04:25,0,7.72,0,0
2023-03-09 04:20,Автомобилей,"Занятость, %","Ср.скорость, км/ч","85 процентиль, км/ч"
2023-03-09 04:20,0,0.56,0,0
2023-03-09 04:15,1,0.46,36,36
2023-03-09 04:15,0,0.13,0,0
2023-03-09 04:10,1,8.03,34,34
2023-03-09 04:05,3,0.73,27,28
2023-03-09 04:05,1,0.63,28,28
2023-03-09 04:00,4,7.99,14,26
2023-03-09 04:00,6,2.86,29,31
2023-03-09 03:55,7,1.26,18,21
2023-03-09 03:55,2,1.42,29,31
2023-03-09 03:50,Автомобилей,"Занятость, %","Ср.скорость, км/ч","85 процентиль, км/ч"
2023-03-09 03:50,2,0.42,30,30
2023-03-09 03:45,2,1.05,33,33
2023-03-09 03:45,1,0.61,22,22
2023-03-09 03:40,0,19.53,0,0
2023-03-09 03:35,3,3.56,14,17
2023-03-09 03:35,0,6.38,0,0
2023-03-09 03:30,3,2.61,12,15
2023-03-09 03:30,1,1.66,0,0
2023-03-09 03:25,5,0.54,9,10
2023-03-09 03:25,1,0.57,0,0
2023-03-09 03:20,Автомобилей,"Занятость, %","Ср.скорость, км/ч","85 процентиль, км/ч"
2023-03-09 03:20,3,1.97,23,30
2023-03-09 03:15,3,3.14,38,41
2023-03-09 03:15,6,1.73,45,45
2023-03-09 03:10,3,0.53,34,37
2023-03-09 03:05,2,2.35,33,33
2023-03-09 03:05,1,4.26,30,30
2023-03-09 03:00,2,4.78,30,30
2023-03-09 03:00,1,2.85,0,0
2023-03-09 02:55,6,1.27,30,30
2023-03-09 02:55,1,1.55,33,33
2023-03-09 02:50,Автомобилей,"Занятость, %","Ср.скорость, км/ч","85 процентиль, км/ч"
2023-03-09 02:50,4,1.20,40,40
2023-03-09 02:45,1,0.76,40,40
2023-03-09 02:45,4,1.04,36,36
2023-03-09 02:40,1,1.21,30,30
2023-03-09 02:35,7,1.30,29,30
2023-03-09 02:35,3,1.22,33,33
2023-03-09 02:30,2,8.47,7,14
2023-03-09 02:30,1,1.21,0,0
2023-03-09 02:25,8,3.89,24,25
2023-03-09 02:25,2,1.20,31,33
2023-03-09 02:20,Автомобилей,"Занятость, %","Ср.скорость, км/ч","85 процентиль, км/ч"
2023-03-09 02:20,2,2.38,29,31
2023-03-09 02:15,2,7.74,0,0
2023-03-09 02:15,5,1.67,20,49
2023-03-09 02:10,4,2.18,27,31
2023-03-09 02:05,6,10.16,20,20
2023-03-09 02:05,2,19.30,0,0
2023-03-09 02:00,7,11.26,18,26
2023-03-09 02:00,3,4.13,33,33
2023-03-09 01:55,19,6.44,26,33
2023-03-09 01:55,4,4.46,34,37
2023-03-09 01:50,Автомобилей,"Занятость, %","Ср.скорость, км/ч","85 процентиль, км/ч"
2023-03-09 01:50,4,3.12,33,39
2023-03-09 01:45,4,2.91,30,37
2023-03-09 01:45,7,3.19,31,43
2023-03-09 01:40,2,25.83,26,26
2023-03-09 01:35,5,8.18,31,34
2023-03-09 01:35,2,15.52,30,30
2023-03-09 01:30,7,12.20,25,43
2023-03-09 01:30,1,10.79,0,0
2023-03-09 01:25,15,18.74,28,37
2023-03-09 01:25,4,17.59,36,42
2023-03-09 01:20,Автомобилей,"Занятость, %","Ср.скорость, км/ч","85 процентиль, км/ч"
2023-03-09 01:20,2,15.46,33,33
2023-03-09 01:15,5,4.61,27,29
2023-03-09 01:15,12,5.48,29,38
2023-03-09 01:10,4,3.94,36,36
2023-03-09 01:05,17,3.22,33,38
2023-03-09 01:05,5,2.95,34,36
2023-03-09 01:00,9,5.41,24,33
2023-03-09 01:00,9,6.64,33,38
2023-03-09 00:55,22,21.59,15,21
2023-03-09 00:55,1,22.13,0,0
2023-03-09 00:50,Автомобилей,"Занятость, %","Ср.скорость, км/ч","85 процентиль, км/ч"
2023-03-09 00:50,4,4.43,33,37
2023-03-09 00:45,7,8.48,31,33
2023-03-09 00:45,7,2.55,29,39
2023-03-09 00:40,5,17.87,30,33
2023-03-09 00:35,13,3.39,34,39
2023-03-09 00:35,3,4.88,33,33
2023-03-09 00:30,8,11.24,15,35
2023-03-09 00:30,7,11.45,30,34
2023-03-09 00:25,34,22.54,30,35
2023-03-09 00:25,5,27.00,40,47
2023-03-09 00:20,Автомобилей,"Занятость, %","Ср.скорость, км/ч","85 процентиль, км/ч"
2023-03-09 00:20,13,13.83,33,38
2023-03-09 00:15,11,17.17,29,38
2023-03-09 00:15,7,75.03,28,33
2023-03-09 00:10,1,12.48,30,30
2023-03-09 00:05,15,4.87,32,35
2023-03-09 00:05,7,7.35,29,31
2023-03-09 00:00,8,6.10,18,25
2023-03-09 00:00,9,6.87,31,34
2023-03-08 23:55,25,48.81,29,37
2023-03-08 23:55,6,19.41,33,39
2023-03-08 23:50,Автомобилей,"Занятость, %","Ср.скорость, км/ч","85 процентиль, км/ч"
2023-03-08 23:50,9,4.85,35,40
2023-03-08 23:45,12,16.88,31,36
2023-03-08 23:45,13,99.79,32,36
2023-03-08 23:40,18,25.03,32,37
2023-03-08 23:35,25,12.73,31,36
2023-03-08 23:35,9,20.83,31,34
2023-03-08 23:30,23,48.94,12,19
2023-03-08 23:30,3,29.65,38,41
2023-03-08 23:25,34,12.95,26,31
2023-03-08 23:25,5,5.98,37,37
2023-03-08 23:20,Автомобилей,"Занятость, %","Ср.скорость, км/ч","85 процентиль, км/ч"
2023-03-08 23:20,3,9.87,28,29
2023-03-08 23:15,10,4.72,31,37
2023-03-08 23:15,24,4.23,31,35
2023-03-08 23:10,10,6.11,29,31
2023-03-08 23:05,33,13.22,31,36
2023-03-08 23:05,11,20.97,30,35
2023-03-08 23:00,11,56.02,13,23
2023-03-08 23:00,8,41.81,32,35
2023-03-08 22:55,41,20.78,28,34
2023-03-08 22:55,8,25.90,35,38
2023-03-08 22:50,Автомобилей,"Занятость, %","Ср.скорость, км/ч","85 процентиль, км/ч"
2023-03-08 22:50,7,27.55,33,36
2023-03-08 22:45,12,12.66,29,31
2023-03-08 22:45,18,5.12,32,40
2023-03-08 22:40,11,29.56,32,37
2023-03-08 22:35,25,7.08,33,39
2023-03-08 22:35,13,10.01,33,39
2023-03-08 22:30,25,60.17,15,21
2023-03-08 22:30,8,30.25,30,34
2023-03-08 22:25,41,35.77,29,37
2023-03-08 22:25,8,49.89,32,36
2023-03-08 22:20,Автомобилей,"Занятость, %","Ср.скорость, км/ч","85 процентиль, км/ч"
2023-03-08 22:20,14,14.00,33,39
2023-03-08 22:15,17,15.82,28,33
2023-03-08 22:15,26,7.17,31,36
2023-03-08 22:10,23,8.79,32,36
2023-03-08 22:05,32,9.90,32,37
2023-03-08 22:05,13,14.62,31,35
2023-03-08 22:00,20,51.10,12,23
2023-03-08 22:00,13,18.99,29,35
2023-03-08 21:55,62,27.34,28,35
2023-03-08 21:55,18,26.73,32,36
2023-03-08 21:50,Автомобилей,"Занятость, %","Ср.скорость, км/ч","85 процентиль, км/ч"
2023-03-08 21:50,17,17.39,31,36
2023-03-08 21:45,9,23.41,30,32
2023-03-08 21:45,22,6.17,32,38
2023-03-08 21:40,15,25.71,30,35
2023-03-08 21:35,54,19.00,32,36
2023-03-08 21:35,28,28.61,32,35
2023-03-08 21:30,30,32.70,18,30
2023-03-08 21:30,16,13.44,33,38
2023-03-08 21:25,85,23.86,25,30
2023-03-08 21:25,16,13.46,33,36
2023-03-08 21:20,Автомобилей,"Занятость, %","Ср.скорость, км/ч","85 процентиль, км/ч"
2023-03-08 21:20,21,28.58,33,37
2023-03-08 21:15,13,44.52,35,40
2023-03-08 21:15,14,4.35,34,41
2023-03-08 21:10,19,28.80,34,39
2023-03-08 21:05,39,25.35,35,41
2023-03-08 21:05,21,44.70,36,40
2023-03-08 21:00,17,31.30,14,23
2023-03-08 21:00,30,28.92,33,37
2023-03-08 20:55,62,17.91,29,37
2023-03-08 20:55,15,15.53,35,39
2023-03-08 20:50,Автомобилей,"Занятость, %","Ср.скорость, км/ч","85 процентиль, км/ч"
2023-03-08 20:50,26,21.94,33,38
2023-03-08 20:45,10,11.56,36,45
2023-03-08 20:45,17,4.21,35,43
2023-03-08 20:40,25,47.37,34,38
2023-03-08 20:35,44,18.78,34,42
2023-03-08 20:35,17,29.97,36,48
2023-03-08 20:30,26,39.13,24,34
2023-03-08 20:30,22,10.10,33,37
2023-03-08 20:25,96,34.53,27,32
2023-03-08 20:25,32,45.68,32,35
2023-03-08 20:20,Автомобилей,"Занятость, %","Ср.скорость, км/ч","85 процентиль, км/ч"
2023-03-08 20:20,21,9.62,31,34
2023-03-08 20:15,24,20.35,32,36
2023-03-08 20:15,26,8.20,31,34
2023-03-08 20:10,30,40.60,33,36
2023-03-08 20:05,57,16.42,34,39
2023-03-08 20:05,26,23.72,33,39
2023-03-08 20:00,36,74.48,18,22
2023-03-08 20:00,29,75.24,31,35
2023-03-08 19:55,101,32.37,27,33
2023-03-08 19:55,27,29.51,29,33
2023-03-08 19:50,Автомобилей,"Занятость, %","Ср.скорость, км/ч","85 процентиль, км/ч"
2023-03-08 19:50,14,28.85,31,35
2023-03-08 19:45,33,57.33,33,37
2023-03-08 19:45,37,10.96,31,36
2023-03-08 19:40,10,66.24,29,31
2023-03-08 19:35,44,22.66,32,36
2023-03-08 19:35,18,37.56,35,39
2023-03-08 19:30,28,44.23,22,32
2023-03-08 19:30,21,10.89,28,34
2023-03-08 19:25,109,34.29,27,31
2023-03-08 19:25,26,41.06,32,34
2023-03-08 19:20,Автомобилей,"Занятость, %","Ср.скорость, км/ч","85 процентиль, км/ч"
2023-03-08 19:20,23,11.14,32,35
2023-03-08 19:15,27,27.58,32,40
2023-03-08 19:15,30,8.91,26,31
2023-03-08 19:10,13,30.96,34,39
2023-03-08 19:05,64,12.56,32,37
2023-03-08 19:05,32,14.45,32,37
2023-03-08 19:00,37,52.31,21,28
2023-03-08 19:00,26,29.54,30,36
2023-03-08 18:55,75,20.18,28,36
2023-03-08 18:55,20,12.97,34,38
2023-03-08 18:50,Автомобилей,"Занятость, %","Ср.скорость, км/ч","85 процентиль, км/ч"
2023-03-08 18:50,29,33.84,33,38
2023-03-08 18:45,45,61.53,30,37
2023-03-08 18:45,17,18.65,24,31
2023-03-08 18:40,16,42.24,37,42
2023-03-08 18:35,59,64.50,31,35
2023-03-08 18:35,27,35.22,32,35
2023-03-08 18:30,37,70.91,19,27
2023-03-08 18:30,32,32.94,34,39
2023-03-08 18:25,105,29.19,28,33
2023-03-08 18:25,27,36.50,35,40
2023-03-08 18:20,Автомобилей,"Занятость, %","Ср.скорость, км/ч","85 процентиль, км/ч"
2023-03-08 18:20,22,30.78,34,39
2023-03-08 18:15,31,35.43,31,36
2023-03-08 18:15,30,9.03,31,35
2023-03-08 18:10,19,16.02,33,37
2023-03-08 18:05,59,25.02,34,39
2023-03-08 18:05,29,43.04,34,38
2023-03-08 18:00,37,68.26,20,30
2023-03-08 18:00,13,41.06,32,38
2023-03-08 17:55,102,38.31,29,35
2023-03-08 17:55,28,36.16,33,38
2023-03-08 17:50,Автомобилей,"Занятость, %","Ср.скорость, км/ч","85 процентиль, км/ч"
2023-03-08 17:50,23,10.21,31,35
2023-03-08 17:45,34,29.92,33,37
2023-03-08 17:45,43,11.58,32,39
2023-03-08 17:40,19,55.83,33,38
2023-03-08 17:35,63,10.82,32,37
2023-03-08 17:35,36,13.93,32,36
2023-03-08 17:30,43,76.10,20,29
2023-03-08 17:30,13,56.38,33,40
2023-03-08 17:25,92,18.00,27,34
2023-03-08 17:25,21,10.96,35,40
2023-03-08 17:20,Автомобилей,"Занятость, %","Ср.скорость, км/ч","85 процентиль, км/ч"
2023-03-08 17:20,14,23.30,33,38
2023-03-08 17:15,37,11.87,34,39
2023-03-08 17:15,32,9.68,32,42
2023-03-08 17:10,16,25.22,35,47
2023-03-08 17:05,70,28.30,27,37
2023-03-08 17:05,33,45.12,28,38
2023-03-08 17:00,21,41.67,23,36
2023-03-08 17:00,18,11.58,36,40
2023-03-08 16:55,137,26.80,28,32
2023-03-08 16:55,46,14.55,32,34
2023-03-08 16:50,Автомобилей,"Занятость, %","Ср.скорость, км/ч","85 процентиль, км/ч"
2023-03-08 16:50,21,23.03,36,40
2023-03-08 16:45,39,13.05,34,37
2023-03-08 16:45,35,9.82,34,37
2023-03-08 16:40,20,54.10,32,34
2023-03-08 16:35,90,24.48,30,38
2023-03-08 16:35,40,35.05,30,40
2023-03-08 16:30,19,43.85,19,19
2023-03-08 16:30,19,24.67,30,36
2023-03-08 16:25,104,17.54,32,38
2023-03-08 16:25,31,20.47,34,40
2023-03-08 16:20,Автомобилей,"Занятость, %","Ср.скорость, км/ч","85 процентиль, км/ч"
2023-03-08 16:20,19,38.39,32,36
2023-03-08 16:15,39,24.76,29,36
2023-03-08 16:15,38,11.71,29,36
2023-03-08 16:10,11,47.27,31,34
2023-03-08 16:05,47,14.96,33,38
2023-03-08 16:05,22,23.25,35,39
2023-03-08 16:00,25,46.14,19,26
2023-03-08 16:00,19,7.17,31,33
2023-03-08 15:55,114,30.48,25,31
2023-03-08 15:55,34,13.11,28,32
2023-03-08 15:50,Автомобилей,"Занятость, %","Ср.скорость, км/ч","85 процентиль, км/ч"
2023-03-08 15:50,24,8.54,32,36
2023-03-08 15:45,36,22.30,34,40
2023-03-08 15:45,42,10.96,34,40
2023-03-08 15:40,32,26.05,35,40
2023-03-08 15:35,68,25.22,32,37
2023-03-08 15:35,33,41.26,32,37
2023-03-08 15:30,25,46.76,18,29
2023-03-08 15:30,19,8.16,33,38
2023-03-08 15:25,94,15.96,28,35
2023-03-08 15:25,31,9.99,33,39
2023-03-08 15:20,Автомобилей,"Занятость, %","Ср.скорость, км/ч","85 процентиль, км/ч"
2023-03-08 15:20,23,18.41,31,37
2023-03-08 15:15,32,54.13,30,36
2023-03-08 15:15,36,8.62,32,40
2023-03-08 15:10,19,31.04,33,39
2023-03-08 15:05,60,22.03,31,35
2023-03-08 15:05,30,35.18,29,33
2023-03-08 15:00,46,43.12,19,28
2023-03-08 15:00,31,12.64,34,39
2023-03-08 14:55,124,24.61,29,37
2023-03-08 14:55,38,31.53,35,40
2023-03-08 14:50,Автомобилей,"Занятость, %","Ср.скорость, км/ч","85 процентиль, км/ч"
2023-03-08 14:50,27,25.55,35,40
2023-03-08 14:45,29,10.77,31,35
2023-03-08 14:45,28,6.90,34,40
2023-03-08 14:40,46,42.21,32,36
2023-03-08 14:35,72,16.72,35,41
2023-03-08 14:35,32,24.62,35,40
2023-03-08 14:30,39,57.63,19,26
2023-03-08 14:30,27,29.63,35,40
2023-03-08 14:25,106,23.55,28,33
2023-03-08 14:25,26,11.43,34,40
2023-03-08 14:20,Автомобилей,"Занятость, %","Ср.скорость, км/ч","85 процентиль, км/ч"
2023-03-08 14:20,19,27.81,34,39
2023-03-08 14:15,29,28.91,35,40
2023-03-08 14:15,23,6.76,34,37
2023-03-08 14:10,27,26.16,34,42
2023-03-08 14:05,43,19.67,34,39
2023-03-08 14:05,19,33.69,35,40
2023-03-08 14:00,40,47.99,15,23
2023-03-08 14:00,26,29.15,34,40
2023-03-08 13:55,97,33.53,28,34
2023-03-08 13:55,23,38.44,29,33
2023-03-08 13:50,Автомобилей,"Занятость, %","Ср.скорость, км/ч","85 процентиль, км/ч"
2023-03-08 13:50,27,55.75,33,38
2023-03-08 13:45,20,27.53,34,37
2023-03-08 13:45,32,6.92,32,38
2023-03-08 13:40,28,20.78,33,35
2023-03-08 13:35,51,10.36,29,35
2023-03-08 13:35,21,13.12,33,39
2023-03-08 13:30,46,53.20,17,25
2023-03-08 13:30,41,34.17,33,38
2023-03-08 13:25,96,24.38,30,35
2023-03-08 13:25,29,19.26,33,36
2023-03-08 13:20,Автомобилей,"Занятость, %","Ср.скорость, км/ч","85 процентиль, км/ч"
2023-03-08 13:20,35,27.83,31,36
2023-03-08 13:15,44,14.21,33,36
2023-03-08 13:15,53,12.25,33,40
2023-03-08 13:10,42,38.46,33,38
2023-03-08 13:05,52,14.63,35,42
2023-03-08 13:05,24,23.12,35,42
2023-03-08 13:00,32,53.08,26,36
2023-03-08 13:00,39,29.12,31,36
2023-03-08 12:55,103,24.63,26,31
2023-03-08 12:55,29,11.14,31,34
2023-03-08 12:50,Автомобилей,"Занятость, %","Ср.скорость, км/ч","85 процентиль, км/ч"
2023-03-08 12:50,40,42.49,33,37
2023-03-08 12:45,32,37.87,32,37
2023-03-08 12:45,28,7.11,33,37
2023-03-08 12:40,41,24.50,34,39
2023-03-08 12:35,66,19.43,31,39
2023-03-08 12:35,36,30.04,33,40
2023-03-08 12:30,39,68.72,18,26
2023-03-08 12:30,27,63.95,34,38
2023-03-08 12:25,101,31.28,28,34
2023-03-08 12:25,36,32.34,34,39
2023-03-08 12:20,Автомобилей,"Занятость, %","Ср.скорость, км/ч","85 процентиль, км/ч"
2023-03-08 12:20,31,35.09,33,39
2023-03-08 12:15,25,23.13,32,36
2023-03-08 12:15,24,6.26,33,40
2023-03-08 12:10,28,42.96,35,39
2023-03-08 12:05,77,16.41,32,37
2023-03-08 12:05,38,23.67,33,39
2023-03-08 12:00,50,49.89,18,25
2023-03-08 12:00,23,10.98,29,33
2023-03-08 11:55,84,22.15,26,33
2023-03-08 11:55,24,15.28,30,33
2023-03-08 11:50,Автомобилей,"Занятость, %","Ср.скорость, км/ч","85 процентиль, км/ч"
2023-03-08 11:50,28,30.29,36,43
2023-03-08 11:45,30,57.55,31,35
2023-03-08 11:45,33,9.50,30,35
2023-03-08 11:40,35,30.38,32,37
2023-03-08 11:35,65,25.00,31,35
2023-03-08 11:35,35,39.84,32,34
2023-03-08 11:30,44,35.30,17,26
2023-03-08 11:30,32,18.83,30,34
2023-03-08 11:25,85,37.32,27,31
2023-03-08 11:25,22,49.93,32,35
2023-03-08 11:20,Автомобилей,"Занятость, %","Ср.скорость, км/ч","85 процентиль, км/ч"
2023-03-08 11:20,17,8.47,29,31
2023-03-08 11:15,28,21.38,31,36
2023-03-08 11:15,20,6.49,31,35
2023-03-08 11:10,26,28.52,32,36
2023-03-08 11:05,70,10.60,31,36
2023-03-08 11:05,38,11.83,33,37
2023-03-08 11:00,48,48.39,17,25
2023-03-08 11:00,32,17.78,31,34
2023-03-08 10:55,95,34.12,28,35
2023-03-08 10:55,24,29.26,33,39
2023-03-08 10:50,Автомобилей,"Занятость, %","Ср.скорость, км/ч","85 процентиль, км/ч"
2023-03-08 10:50,23,45.56,32,35
2023-03-08 10:45,25,22.41,34,37
2023-03-08 10:45,31,7.15,31,36
2023-03-08 10:40,18,22.97,33,40
2023-03-08 10:35,63,27.71,30,34
2023-03-08 10:35,27,46.39,33,35
2023-03-08 10:30,36,49.18,22,33
2023-03-08 10:30,22,36.39,34,38
2023-03-08 10:25,83,18.90,23,30
2023-03-08 10:25,30,8.99,29,32
2023-03-08 10:20,Автомобилей,"Занятость, %","Ср.скорость, км/ч","85 процентиль, км/ч"
2023-03-08 10:20,18,46.08,36,44
2023-03-08 10:15,23,42.50,30,36
2023-03-08 10:15,24,5.17,30,36
2023-03-08 10:10,26,10.63,31,36
2023-03-08 10:05,41,6.50,31,34
2023-03-08 10:05,24,7.44,33,37
2023-03-08 10:00,23,29.21,20,27
2023-03-08 10:00,21,7.12,32,36
2023-03-08 09:55,57,23.87,15,20
2023-03-08 09:55,19,22.80,0,0
2023-03-08 09:50,Автомобилей,"Занятость, %","Ср.скорость, км/ч","85 процентиль, км/ч"
2023-03-08 09:50,20,14.50,29,34
2023-03-08 09:45,27,45.60,29,34
2023-03-08 09:45,22,6.58,31,35
2023-03-08 09:40,19,36.56,31,36
2023-03-08 09:35,38,7.26,32,34
2023-03-08 09:35,19,8.79,30,33
2023-03-08 09:30,36,28.53,20,30
2023-03-08 09:30,21,25.11,30,32
2023-03-08 09:25,72,24.36,25,32
2023-03-08 09:25,19,23.64,31,34
2023-03-08 09:20,Автомобилей,"Занятость, %","Ср.скорость, км/ч","85 процентиль, км/ч"
2023-03-08 09:20,17,9.07,27,29
2023-03-08 09:15,18,10.50,31,32
2023-03-08 09:15,13,5.34,26,26
2023-03-08 09:10,23,19.98,32,38
2023-03-08 09:05,40,6.18,29,35
2023-03-08 09:05,19,7.39,29,37
2023-03-08 09:00,24,25.43,17,20
2023-03-08 09:00,15,21.40,32,35
2023-03-08 08:55,64,12.58,26,31
2023-03-08 08:55,18,7.30,34,37
2023-03-08 08:50,Автомобилей,"Занятость, %","Ср.скорость, км/ч","85 процентиль, км/ч"
2023-03-08 08:50,11,4.57,24,24
2023-03-08 08:45,17,24.22,42,42
2023-03-08 08:45,14,4.46,26,26
2023-03-08 08:40,10,19.69,35,35
2023-03-08 08:35,23,12.71,16,20
2023-03-08 08:35,6,21.60,0,0
2023-03-08 08:30,24,43.21,15,18
2023-03-08 08:30,11,35.82,0,0
2023-03-08 08:25,51,10.51,28,34
2023-03-08 08:25,14,5.58,37,46
2023-03-08 08:20,Автомобилей,"Занятость, %","Ср.скорость, км/ч","85 процентиль, км/ч"
2023-03-08 08:20,10,15.83,0,0
2023-03-08 08:15,16,5.76,35,36
2023-03-08 08:15,14,3.69,36,43
2023-03-08 08:10,9,4.11,39,43
2023-03-08 08:05,26,24.10,36,40
2023-03-08 08:05,12,43.96,33,38
2023-03-08 08:00,7,5.71,0,0
2023-03-08 08:00,14,4.99,33,38
2023-03-08 07:55,39,18.52,25,28
2023-03-08 07:55,9,11.97,38,42
2023-03-08 07:50,Автомобилей,"Занятость, %","Ср.скорость, км/ч","85 процентиль, км/ч"
2023-03-08 07:50,14,32.80,41,58
2023-03-08 07:45,14,23.41,35,38
2023-03-08 07:45,13,3.52,35,42
2023-03-08 07:40,10,41.27,37,42
2023-03-08 07:35,16,3.26,39,44
2023-03-08 07:35,9,4.08,43,47
2023-03-08 07:30,9,9.12,28,28
2023-03-08 07:30,15,5.14,34,37
2023-03-08 07:25,33,20.26,28,32
2023-03-08 07:25,6,19.55,40,40
2023-03-08 07:20,Автомобилей,"Занятость, %","Ср.скорость, км/ч","85 процентиль, км/ч"
2023-03-08 07:20,13,21.81,36,41
2023-03-08 07:15,6,18.73,32,33
2023-03-08 07:15,10,2.49,31,34
2023-03-08 07:10,16,16.14,34,41
2023-03-08 07:05,21,5.04,32,37
2023-03-08 07:05,12,6.06,32,36
2023-03-08 07:00,4,10.06,18,24
2023-03-08 07:00,14,11.25,34,38
2023-03-08 06:55,25,14.68,25,32
2023-03-08 06:55,6,20.09,27,30
2023-03-08 06:50,Автомобилей,"Занятость, %","Ср.скорость, км/ч","85 процентиль, км/ч"
2023-03-08 06:50,13,32.73,40,47
2023-03-08 06:45,9,3.86,33,36
2023-03-08 06:45,15,4.39,33,42
2023-03-08 06:40,5,3.61,32,38
2023-03-08 06:35,24,12.99,35,41
2023-03-08 06:35,10,21.95,34,43
2023-03-08 06:30,9,13.74,20,29
2023-03-08 06:30,14,4.38,31,35
2023-03-08 06:25,22,15.45,26,32
2023-03-08 06:25,6,21.94,25,25
2023-03-08 06:20,Автомобилей,"Занятость, %","Ср.скорость, км/ч","85 процентиль, км/ч"
2023-03-08 06:20,9,3.82,29,31
2023-03-08 06:15,3,2.88,0,0
2023-03-08 06:15,11,2.38,31,42
2023-03-08 06:10,4,28.67,36,36
2023-03-08 06:05,8,8.13,28,32
2023-03-08 06:05,2,14.91,28,28
2023-03-08 06:00,3,10.46,11,17
2023-03-08 06:00,3,9.23,32,32
2023-03-08 05:55,15,1.77,21,25
2023-03-08 05:55,7,2.28,31,35
2023-03-08 05:50,Автомобилей,"Занятость, %","Ср.скорость, км/ч","85 процентиль, км/ч"
2023-03-08 05:50,3,17.38,33,33
2023-03-08 05:45,6,18.26,33,40
2023-03-08 05:45,5,1.65,33,33
2023-03-08 05:40,4,18.28,0,0
2023-03-08 05:35,7,1.30,29,33
2023-03-08 05:35,3,1.20,26,28
2023-03-08 05:30,3,0.94,32,49
2023-03-08 05:30,4,2.07,33,38
2023-03-08 05:25,6,2.62,21,24
2023-03-08 05:25,1,1.10,26,26
2023-03-08 05:20,Автомобилей,"Занятость, %","Ср.скорость, км/ч","85 процентиль, км/ч"
2023-03-08 05:20,3,18.11,28,28
2023-03-08 05:15,3,38.78,29,29
2023-03-08 05:15,6,1.62,33,39
2023-03-08 05:10,7,10.46,28,35
2023-03-08 05:05,7,2.77,33,36
2023-03-08 05:05,3,4.51,26,32
2023-03-08 05:00,4,29.73,11,18
2023-03-08 05:00,4,13.86,30,30
2023-03-08 04:55,8,1.11,25,27
2023-03-08 04:55,1,1.16,0,0
2023-03-08 04:50,Автомобилей,"Занятость, %","Ср.скорость, км/ч","85 процентиль, км/ч"
2023-03-08 04:50,2,0.88,0,0
2023-03-08 04:45,1,18.74,27,27
2023-03-08 04:45,6,1.40,34,44
2023-03-08 04:40,1,1.39,0,0
2023-03-08 04:35,6,5.35,13,13
2023-03-08 04:35,2,9.40,0,0
2023-03-08 04:30,1,4.49,11,11
2023-03-08 04:30,5,5.98,36,36
2023-03-08 04:25,4,0.55,20,22
2023-03-08 04:25,1,0.54,26,26
2023-03-08 04:20,Автомобилей,"Занятость, %","Ср.скорость, км/ч","85 процентиль, км/ч"
2023-03-08 04:20,0,0.00,0,0
2023-03-08 04:15,0,5.19,0,0
2023-03-08 04:15,2,0.36,34,42
2023-03-08 04:10,0,17.87,0,0
2023-03-08 04:05,3,0.66,15,20
2023-03-08 04:05,0,0.77,0,0
2023-03-08 04:00,3,7.90,6,13
2023-03-08 04:00,4,7.71,0,0
2023-03-08 03:55,12,10.06,26,33
2023-03-08 03:55,5,9.89,29,30
2023-03-08 03:50,Автомобилей,"Занятость, %","Ср.скорость, км/ч","85 процентиль, км/ч"
2023-03-08 03:50,5,1.35,31,33
2023-03-08 03:45,1,1.39,0,0
2023-03-08 03:45,4,0.91,26,26
2023-03-08 03:40,3,0.90,35,42
2023-03-08 03:35,8,4.35,16,18
2023-03-08 03:35,1,7.19,0,0
2023-03-08 03:30,3,1.57,29,31
2023-03-08 03:30,1,1.55,0,0
2023-03-08 03:25,14,2.78,17,21
2023-03-08 03:25,1,2.79,0,0
2023-03-08 03:20,Автомобилей,"Занятость, %","Ср.скорость, км/ч","85 процентиль, км/ч"
2023-03-08 03:20,0,1.16,0,0
2023-03-08 03:15,2,0.46,29,29
2023-03-08 03:15,2,0.55,44,44
2023-03-08 03:10,4,1.33,29,34
2023-03-08 03:05,4,1.11,14,18
2023-03-08 03:05,0,1.39,0,0
2023-03-08 03:00,5,5.07,11,13
2023-03-08 03:00,5,2.83,32,33
2023-03-08 02:55,13,6.42,29,36
2023-03-08 02:55,3,8.58,32,32
2023-03-08 02:50,Автомобилей,"Занятость, %","Ср.скорость, км/ч","85 процентиль, км/ч"
2023-03-08 02:50,3,14.79,26,26
2023-03-08 02:45,2,2.53,32,42
2023-03-08 02:45,4,1.16,32,35
2023-03-08 02:40,1,4.71,0,0
2023-03-08 02:35,4,6.41,14,14
2023-03-08 02:35,2,11.84,28,28
2023-03-08 02:30,3,11.56,27,48
2023-03-08 02:30,3,2.08,34,36
2023-03-08 02:25,6,6.70,18,24
2023-03-08 02:25,2,9.57,0,0
2023-03-08 02:20,Автомобилей,"Занятость, %","Ср.скорость, км/ч","85 процентиль, км/ч"
2023-03-08 02:20,4,20.74,30,34
2023-03-08 02:15,4,2.46,27,27
2023-03-08 02:15,5,1.41,32,38
2023-03-08 02:10,5,2.20,31,36
2023-03-08 02:05,8,3.53,33,38
2023-03-08 02:05,2,5.70,33,33
2023-03-08 02:00,8,23.39,16,28
2023-03-08 02:00,1,21.80,0,0
2023-03-08 01:55,7,2.98,29,33
2023-03-08 01:55,2,1.90,38,38
2023-03-08 01:50,Автомобилей,"Занятость, %","Ср.скорость, км/ч","85 процентиль, км/ч"
2023-03-08 01:50,1,11.20,28,28
2023-03-08 01:45,5,3.85,35,37
2023-03-08 01:45,5,1.43,33,38
2023-03-08 01:40,3,27.36,34,43
2023-03-08 01:35,12,11.73,34,39
2023-03-08 01:35,5,21.60,34,39
2023-03-08 01:30,4,39.20,31,33
2023-03-08 01:30,2,38.79,24,24
2023-03-08 01:25,16,11.97,31,38
2023-03-08 01:25,4,16.92,38,41
2023-03-08 01:20,Автомобилей,"Занятость, %","Ср.скорость, км/ч","85 процентиль, км/ч"
2023-03-08 01:20,4,3.89,0,0
2023-03-08 01:15,1,2.31,30,30
2023-03-08 01:15,5,1.26,35,37
2023-03-08 01:10,1,2.39,40,40
2023-03-08 01:05,11,2.46,34,41
2023-03-08 01:05,3,2.88,35,42
2023-03-08 01:00,21,25.93,14,24
2023-03-08 01:00,5,7.45,34,36
2023-03-08 00:55,27,22.43,27,36
2023-03-08 00:55,6,28.70,32,38
2023-03-08 00:50,Автомобилей,"Занятость, %","Ср.скорость, км/ч","85 процентиль, км/ч"
2023-03-08 00:50,6,4.98,28,28
2023-03-08 00:45,5,26.05,34,39
2023-03-08 00:45,11,2.82,27,34
2023-03-08 00:40,9,5.88,30,36
2023-03-08 00:35,19,11.50,33,37
2023-03-08 00:35,10,20.30,30,33
2023-03-08 00:30,11,12.06,13,27
2023-03-08 00:30,14,5.99,31,37
2023-03-08 00:25,28,12.79,26,33
2023-03-08 00:25,11,10.55,31,37
2023-03-08 00:20,Автомобилей,"Занятость, %","Ср.скорость, км/ч","85 процентиль, км/ч"
2023-03-08 00:20,5,5.39,28,28
2023-03-08 00:15,5,4.24,30,36
2023-03-08 00:15,17,3.07,32,36
2023-03-08 00:10,9,16.32,29,30
2023-03-08 00:05,24,12.75,32,36
2023-03-08 00:05,9,21.51,33,38
2023-03-08 00:00,39,42.87,16,30
2023-03-08 00:00,5,19.94,32,34
2023-03-07 23:55,27,21.38,26,36
2023-03-07 23:55,9,24.56,32,39
2023-03-07 23:50,Автомобилей,"Занятость, %","Ср.скорость, км/ч","85 процентиль, км/ч"
2023-03-07 23:50,8,14.00,30,32
2023-03-07 23:45,14,8.66,29,35
2023-03-07 23:45,13,4.23,29,36
2023-03-07 23:40,11,21.34,36,41
2023-03-07 23:35,12,12.06,35,38
2023-03-07 23:35,8,21.85,32,36
2023-03-07 23:30,12,8.22,16,28
2023-03-07 23:30,15,6.39,33,36
2023-03-07 23:25,38,18.93,26,33
2023-03-07 23:25,12,24.31,31,36
2023-03-07 23:20,Автомобилей,"Занятость, %","Ср.скорость, км/ч","85 процентиль, км/ч"
2023-03-07 23:20,7,7.63,30,36
2023-03-07 23:15,10,26.13,31,35
2023-03-07 23:15,21,6.17,32,38
2023-03-07 23:10,9,7.03,32,37
2023-03-07 23:05,35,11.28,29,36
2023-03-07 23:05,13,16.81,27,32
2023-03-07 23:00,16,20.00,15,24
2023-03-07 23:00,11,9.21,25,26
2023-03-07 22:55,50,22.06,27,33
2023-03-07 22:55,14,28.35,31,34
2023-03-07 22:50,Автомобилей,"Занятость, %","Ср.скорость, км/ч","85 процентиль, км/ч"
2023-03-07 22:50,8,20.82,32,34
2023-03-07 22:45,13,7.40,32,35
2023-03-07 22:45,10,3.08,32,39
2023-03-07 22:40,16,14.62,35,39
2023-03-07 22:35,46,19.32,31,37
2023-03-07 22:35,19,21.47,33,39
2023-03-07 22:30,17,39.32,23,34
2023-03-07 22:30,12,15.25,29,33
2023-03-07 22:25,45,8.92,27,33
2023-03-07 22:25,11,9.37,32,36
2023-03-07 22:20,Автомобилей,"Занятость, %","Ср.скорость, км/ч","85 процентиль, км/ч"
2023-03-07 22:20,21,51.50,31,38
2023-03-07 22:15,20,16.34,31,38
2023-03-07 22:15,23,7.80,30,36
2023-03-07 22:10,19,44.42,32,37
2023-03-07 22:05,34,19.69,31,34
2023-03-07 22:05,16,32.21,32,35
2023-03-07 22:00,27,22.08,20,32
2023-03-07 22:00,17,13.18,29,33
2023-03-07 21:55,72,16.97,27,34
2023-03-07 21:55,23,15.32,31,33
2023-03-07 21:50,Автомобилей,"Занятость, %","Ср.скорость, км/ч","85 процентиль, км/ч"
2023-03-07 21:50,20,20.86,32,34
2023-03-07 21:45,15,38.12,32,37
2023-03-07 21:45,17,7.69,33,36
2023-03-07 21:40,14,8.89,31,35
2023-03-07 21:35,44,15.78,30,35
2023-03-07 21:35,20,23.63,31,34
2023-03-07 21:30,28,48.62,16,25
2023-03-07 21:30,18,28.31,31,36
2023-03-07 21:25,86,25.10,30,37
2023-03-07 21:25,18,12.56,35,40
2023-03-07 21:20,Автомобилей,"Занятость, %","Ср.скорость, км/ч","85 процентиль, км/ч"
2023-03-07 21:20,21,21.01,29,34
2023-03-07 21:15,13,30.06,32,36
2023-03-07 21:15,17,4.32,33,39
2023-03-07 21:10,19,41.32,34,39
2023-03-07 21:05,56,10.23,31,35
2023-03-07 21:05,24,11.70,32,35
2023-03-07 21:00,27,55.14,21,32
2023-03-07 21:00,17,39.70,31,34
2023-03-07 20:55,98,30.79,27,32
2023-03-07 20:55,28,30.76,31,36
2023-03-07 20:50,Автомобилей,"Занятость, %","Ср.скорость, км/ч","85 процентиль, км/ч"
2023-03-07 20:50,27,12.82,31,34
2023-03-07 20:45,31,27.79,30,35
2023-03-07 20:45,24,9.34,29,35
2023-03-07 20:40,19,31.22,34,37
2023-03-07 20:35,48,18.83,32,37
2023-03-07 20:35,24,29.76,32,36
2023-03-07 20:30,23,35.92,20,33
2023-03-07 20:30,19,28.96,32,37
2023-03-07 20:25,87,28.21,27,33
2023-03-07 20:25,33,20.66,33,37
2023-03-07 20:20,Автомобилей,"Занятость, %","Ср.скорость, км/ч","85 процентиль, км/ч"
2023-03-07 20:20,34,55.13,30,33
2023-03-07 20:15,30,66.08,34,38
2023-03-07 20:15,24,8.97,31,35
2023-03-07 20:10,27,24.03,30,34
2023-03-07 20:05,60,25.03,31,36
2023-03-07 20:05,25,38.82,32,38
2023-03-07 20:00,22,32.54,20,33
2023-03-07 20:00,38,34.44,31,35
2023-03-07 19:55,92,31.49,27,32
2023-03-07 19:55,32,21.03,31,35
2023-03-07 19:50,Автомобилей,"Занятость, %","Ср.скорость, км/ч","85 процентиль, км/ч"
2023-03-07 19:50,22,21.34,29,35
2023-03-07 19:45,29,18.15,34,44
2023-03-07 19:45,44,51.86,31,36
2023-03-07 19:40,17,14.97,35,39
2023-03-07 19:35,75,36.32,31,35
2023-03-07 19:35,45,48.87,31,34
2023-03-07 19:30,33,54.03,18,25
2023-03-07 19:30,20,10.90,33,36
2023-03-07 19:25,92,39.42,26,33
2023-03-07 19:25,31,22.28,32,36
2023-03-07 19:20,Автомобилей,"Занятость, %","Ср.скорость, км/ч","85 процентиль, км/ч"
2023-03-07 19:20,35,38.40,29,31
2023-03-07 19:15,29,20.89,32,36
2023-03-07 19:15,20,28.70,33,38
2023-03-07 19:10,17,40.58,32,38
2023-03-07 19:05,52,43.40,29,33
2023-03-07 19:05,24,11.99,31,35
2023-03-07 19:00,31,45.04,20,29
2023-03-07 19:00,16,32.14,34,36
2023-03-07 18:55,100,57.51,25,31
2023-03-07 18:55,37,36.72,30,35
2023-03-07 18:50,Автомобилей,"Занятость, %","Ср.скорость, км/ч","85 процентиль, км/ч"
2023-03-07 18:50,19,43.91,32,37
2023-03-07 18:45,34,15.58,30,34
2023-03-07 18:45,33,74.32,29,33
2023-03-07 18:40,28,12.27,32,36
2023-03-07 18:35,81,40.85,29,34
2023-03-07 18:35,41,39.20,30,35
2023-03-07 18:30,20,79.94,17,21
2023-03-07 18:30,30,58.17,28,32
2023-03-07 18:25,127,58.31,26,31
2023-03-07 18:25,37,37.62,31,35
2023-03-07 18:20,Автомобилей,"Занятость, %","Ср.скорость, км/ч","85 процентиль, км/ч"
2023-03-07 18:20,29,33.32,33,37
2023-03-07 18:15,37,13.25,32,37
2023-03-07 18:15,28,34.03,33,39
2023-03-07 18:10,29,24.99,34,39
2023-03-07 18:05,54,42.93,31,35
2023-03-07 18:05,23,57.50,33,36
2023-03-07 18:00,43,80.72,14,23
2023-03-07 18:00,23,36.77,34,37
2023-03-07 17:55,105,48.99,28,34
2023-03-07 17:55,33,50.52,32,37
2023-03-07 17:50,Автомобилей,"Занятость, %","Ср.скорость, км/ч","85 процентиль, км/ч"
2023-03-07 17:50,30,16.56,31,36
2023-03-07 17:45,44,27.40,32,38
2023-03-07 17:45,33,93.39,29,37
2023-03-07 17:40,26,91.64,29,33
2023-03-07 17:35,58,31.13,33,38
2023-03-07 17:35,25,45.50,32,37
2023-03-07 17:30,37,69.02,21,29
2023-03-07 17:30,18,18.23,37,42
2023-03-07 17:25,102,29.83,27,34
2023-03-07 17:25,39,36.35,30,35
2023-03-07 17:20,Автомобилей,"Занятость, %","Ср.скорость, км/ч","85 процентиль, км/ч"
2023-03-07 17:20,23,48.65,32,36
2023-03-07 17:15,36,61.01,30,35
2023-03-07 17:15,40,10.92,28,36
2023-03-07 17:10,22,10.84,33,38
2023-03-07 17:05,93,28.85,29,35
2023-03-07 17:05,48,42.09,31,37
2023-03-07 17:00,42,81.88,16,25
2023-03-07 17:00,18,27.73,33,39
2023-03-07 16:55,145,49.84,27,33
2023-03-07 16:55,50,38.92,32,36
2023-03-07 16:50,Автомобилей,"Занятость, %","Ср.скорость, км/ч","85 процентиль, км/ч"
2023-03-07 16:50,30,34.67,29,32
2023-03-07 16:45,49,21.26,34,39
2023-03-07 16:45,36,49.64,31,35
2023-03-07 16:40,33,51.18,24,33
2023-03-07 16:35,52,47.02,29,35
2023-03-07 16:35,25,47.81,31,37
2023-03-07 16:30,42,53.71,19,27
2023-03-07 16:30,27,50.30,33,36
2023-03-07 16:25,134,55.20,26,31
2023-03-07 16:25,37,24.71,30,34
2023-03-07 16:20,Автомобилей,"Занятость, %","Ср.скорость, км/ч","85 процентиль, км/ч"
2023-03-07 16:20,23,24.36,32,35
2023-03-07 16:15,42,36.22,32,36
2023-03-07 16:15,45,74.24,29,37
2023-03-07 16:10,29,36.52,30,35
2023-03-07 16:05,91,67.26,30,35
2023-03-07 16:05,45,40.03,31,36
2023-03-07 16:00,39,61.13,20,28
2023-03-07 16:00,30,36.25,33,38
2023-03-07 15:55,109,57.47,28,35
2023-03-07 15:55,36,26.12,34,39
2023-03-07 15:50,Автомобилей,"Занятость, %","Ср.скорость, км/ч","85 процентиль, км/ч"
2023-03-07 15:50,32,11.43,34,40
2023-03-07 15:45,53,45.94,32,37
2023-03-07 15:45,48,57.42,30,35
2023-03-07 15:40,36,50.10,33,36
2023-03-07 15:35,81,64.13,32,36
2023-03-07 15:35,41,39.80,31,35
2023-03-07 15:30,42,75.98,19,26
2023-03-07 15:30,37,53.01,31,35
2023-03-07 15:25,135,41.39,28,33
2023-03-07 15:25,44,38.23,33,36
2023-03-07 15:20,Автомобилей,"Занятость, %","Ср.скорость, км/ч","85 процентиль, км/ч"
2023-03-07 15:20,35,13.93,34,40
2023-03-07 15:15,45,36.28,35,38
2023-03-07 15:15,30,9.49,34,39
2023-03-07 15:10,30,12.33,32,37
2023-03-07 15:05,62,58.40,31,37
2023-03-07 15:05,34,35.61,33,37
2023-03-07 15:00,52,72.81,16,23
2023-03-07 15:00,39,14.63,32,36
2023-03-07 14:55,108,52.55,27,32
2023-03-07 14:55,29,12.03,30,35
2023-03-07 14:50,Автомобилей,"Занятость, %","Ср.скорость, км/ч","85 процентиль, км/ч"
2023-03-07 14:50,31,31.91,33,38
2023-03-07 14:45,33,15.99,30,37
2023-03-07 14:45,32,89.42,30,37
2023-03-07 14:40,39,29.31,34,39
2023-03-07 14:35,62,57.42,31,36
2023-03-07 14:35,32,31.94,31,36
2023-03-07 14:30,47,72.79,17,25
2023-03-07 14:30,35,34.33,32,36
2023-03-07 14:25,109,69.92,26,32
2023-03-07 14:25,25,51.20,31,35
2023-03-07 14:20,Автомобилей,"Занятость, %","Ср.скорость, км/ч","85 процентиль, км/ч"
2023-03-07 14:20,32,51.63,33,39
2023-03-07 14:15,25,67.99,32,38
2023-03-07 14:15,31,86.01,30,35
2023-03-07 14:10,27,32.86,24,32
2023-03-07 14:05,76,57.27,22,32
2023-03-07 14:05,42,25.06,25,35
2023-03-07 14:00,57,46.57,18,25
2023-03-07 14:00,46,15.04,29,33
2023-03-07 13:55,149,59.05,20,28
2023-03-07 13:55,48,51.05,27,35
2023-03-07 13:50,Автомобилей,"Занятость, %","Ср.скорость, км/ч","85 процентиль, км/ч"
2023-03-07 13:50,55,49.01,31,36
2023-03-07 13:45,48,16.19,31,35
2023-03-07 13:45,37,45.92,30,34
2023-03-07 13:40,37,37.44,31,36
2023-03-07 13:35,59,61.04,30,35
2023-03-07 13:35,32,77.71,31,36
2023-03-07 13:30,49,75.23,17,24
2023-03-07 13:30,30,30.24,31,35
2023-03-07 13:25,115,56.65,24,30
2023-03-07 13:25,33,36.95,30,34
2023-03-07 13:20,Автомобилей,"Занятость, %","Ср.скорость, км/ч","85 процентиль, км/ч"
2023-03-07 13:20,28,39.02,34,39
2023-03-07 13:15,32,46.73,32,37
2023-03-07 13:15,23,42.29,31,37
2023-03-07 13:10,33,53.84,34,36
2023-03-07 13:05,48,41.33,30,35
2023-03-07 13:05,26,13.21,30,35
2023-03-07 13:00,37,57.99,14,21
2023-03-07 13:00,33,30.38,32,36
2023-03-07 12:55,113,63.03,27,32
2023-03-07 12:55,39,64.29,31,35
2023-03-07 12:50,Автомобилей,"Занятость, %","Ср.скорость, км/ч","85 процентиль, км/ч"
2023-03-07 12:50,40,26.39,33,36
2023-03-07 12:45,34,30.46,31,36
2023-03-07 12:45,28,34.00,31,38
2023-03-07 12:40,30,25.85,31,36
2023-03-07 12:35,74,37.55,31,35
2023-03-07 12:35,36,36.37,30,33
2023-03-07 12:30,39,76.11,15,23
2023-03-07 12:30,39,32.49,32,37
2023-03-07 12:25,111,31.94,24,31
2023-03-07 12:25,44,14.12,30,35
2023-03-07 12:20,Автомобилей,"Занятость, %","Ср.скорость, км/ч","85 процентиль, км/ч"
2023-03-07 12:20,46,51.47,29,38
2023-03-07 12:15,34,38.04,30,34
2023-03-07 12:15,29,25.45,29,36
2023-03-07 12:10,51,52.96,33,38
2023-03-07 12:05,83,21.69,30,33
2023-03-07 12:05,44,29.79,31,34
2023-03-07 12:00,47,73.48,18,25
2023-03-07 12:00,45,40.06,32,36
2023-03-07 11:55,108,40.75,28,35
2023-03-07 11:55,29,33.26,34,39
2023-03-07 11:50,Автомобилей,"Занятость, %","Ср.скорость, км/ч","85 процентиль, км/ч"
2023-03-07 11:50,29,49.30,31,36
2023-03-07 11:45,30,46.90,34,38
2023-03-07 11:45,27,35.50,29,34
2023-03-07 11:40,36,30.89,33,37
2023-03-07 11:35,64,49.64,31,37
2023-03-07 11:35,37,35.13,33,40
2023-03-07 11:30,50,53.28,19,24
2023-03-07 11:30,39,32.79,32,36
2023-03-07 11:25,114,61.29,26,32
2023-03-07 11:25,30,31.07,32,38
2023-03-07 11:20,Автомобилей,"Занятость, %","Ср.скорость, км/ч","85 процентиль, км/ч"
2023-03-07 11:20,26,51.13,31,33
2023-03-07 11:15,29,33.67,33,36
2023-03-07 11:15,38,22.21,30,35
2023-03-07 11:10,35,34.58,32,37
2023-03-07 11:05,71,25.98,29,34
2023-03-07 11:05,36,27.83,31,35
2023-03-07 11:00,41,43.38,16,27
2023-03-07 11:00,45,31.45,32,36
2023-03-07 10:55,146,39.92,19,29
2023-03-07 10:55,66,25.61,25,33
2023-03-07 10:50,Автомобилей,"Занятость, %","Ср.скорость, км/ч","85 процентиль, км/ч"
2023-03-07 10:50,42,32.82,32,37
2023-03-07 10:45,31,49.32,33,37
2023-03-07 10:45,30,22.81,31,34
2023-03-07 10:40,26,53.43,32,36
2023-03-07 10:35,76,39.23,30,36
2023-03-07 10:35,42,34.32,31,36
2023-03-07 10:30,82,68.05,20,28
2023-03-07 10:30,42,46.61,30,36
2023-03-07 10:25,106,39.91,24,29
2023-03-07 10:25,32,35.49,30,35
2023-03-07 10:20,Автомобилей,"Занятость, %","Ср.скорость, км/ч","85 процентиль, км/ч"
2023-03-07 10:20,36,54.23,32,36
2023-03-07 10:15,36,38.89,33,38
2023-03-07 10:15,29,9.54,29,38
2023-03-07 10:10,31,41.17,31,35
2023-03-07 10:05,56,29.14,32,37
2023-03-07 10:05,32,49.04,32,36
2023-03-07 10:00,52,74.59,19,24
2023-03-07 10:00,35,44.87,34,39
2023-03-07 09:55,107,53.25,25,30
2023-03-07 09:55,39,73.38,32,35
2023-03-07 09:50,Автомобилей,"Занятость, %","Ср.скорость, км/ч","85 процентиль, км/ч"
2023-03-07 09:50,40,43.47,35,38
2023-03-07 09:45,23,14.72,33,37
2023-03-07 09:45,25,7.67,29,36
2023-03-07 09:40,45,37.23,34,39
2023-03-07 09:35,53,16.89,30,37
2023-03-07 09:35,26,25.99,31,37
2023-03-07 09:30,39,65.43,19,27
2023-03-07 09:30,35,41.33,34,39
2023-03-07 09:25,175,24.80,27,34
2023-03-07 09:25,32,11.89,31,37
2023-03-07 09:20,Автомобилей,"Занятость, %","Ср.скорость, км/ч","85 процентиль, км/ч"
2023-03-07 09:20,47,14.07,33,37
2023-03-07 09:15,35,26.28,33,38
2023-03-07 09:15,38,9.84,32,40
2023-03-07 09:10,39,36.49,34,38
2023-03-07 09:05,58,21.77,33,37
2023-03-07 09:05,30,34.75,34,38
2023-03-07 09:00,46,69.36,18,26
2023-03-07 09:00,44,13.54,33,38
2023-03-07 08:55,128,35.66,25,33
2023-03-07 08:55,51,15.65,31,40
2023-03-07 08:50,Автомобилей,"Занятость, %","Ср.скорость, км/ч","85 процентиль, км/ч"
2023-03-07 08:50,63,13.54,35,40
2023-03-07 08:45,41,51.33,34,38
2023-03-07 08:45,33,9.81,32,37
2023-03-07 08:40,59,14.87,33,37
2023-03-07 08:35,79,16.22,32,36
2023-03-07 08:35,40,22.37,32,35
2023-03-07 08:30,34,48.26,22,31
2023-03-07 08:30,49,34.79,34,39
2023-03-07 08:25,104,26.39,27,33
2023-03-07 08:25,43,25.03,31,34
2023-03-07 08:20,Автомобилей,"Занятость, %","Ср.скорость, км/ч","85 процентиль, км/ч"
2023-03-07 08:20,53,34.28,34,37
2023-03-07 08:15,32,28.24,33,37
2023-03-07 08:15,31,8.60,33,39
2023-03-07 08:10,45,41.86,32,35
2023-03-07 08:05,72,27.40,32,35
2023-03-07 08:05,33,45.05,31,35
2023-03-07 08:00,42,57.89,21,31
2023-03-07 08:00,40,13.87,36,40
2023-03-07 07:55,107,41.15,27,33
2023-03-07 07:55,32,48.21,35,39
2023-03-07 07:50,Автомобилей,"Занятость, %","Ср.скорость, км/ч","85 процентиль, км/ч"
2023-03-07 07:50,37,19.12,34,38
2023-03-07 07:45,36,31.52,32,37
2023-03-07 07:45,35,9.22,32,35
2023-03-07 07:40,35,29.56,33,36
2023-03-07 07:35,77,28.69,32,35
2023-03-07 07:35,44,47.53,32,35
2023-03-07 07:30,28,33.60,21,31
2023-03-07 07:30,41,33.19,32,35
2023-03-07 07:25,87,21.90,26,33
2023-03-07 07:25,36,10.45,33,37
2023-03-07 07:20,Автомобилей,"Занятость, %","Ср.скорость, км/ч","85 процентиль, км/ч"
2023-03-07 07:20,35,32.68,33,38
2023-03-07 07:15,35,11.59,37,42
2023-03-07 07:15,32,9.72,30,34
2023-03-07 07:10,36,10.55,35,39
2023-03-07 07:05,56,20.68,35,40
2023-03-07 07:05,28,33.70,36,41
2023-03-07 07:00,34,28.52,18,31
2023-03-07 07:00,37,12.19,34,38
2023-03-07 06:55,84,28.44,29,36
2023-03-07 06:55,26,29.64,34,39
2023-03-07 06:50,Автомобилей,"Занятость, %","Ср.скорость, км/ч","85 процентиль, км/ч"
2023-03-07 06:50,39,39.09,33,39
2023-03-07 06:45,28,43.32,32,36
2023-03-07 06:45,24,6.98,33,40
2023-03-07 06:40,30,20.81,35,39
2023-03-07 06:35,43,13.30,35,40
2023-03-07 06:35,23,20.21,35,39
2023-03-07 06:30,8,41.37,16,25
2023-03-07 06:30,21,39.42,32,38
2023-03-07 06:25,56,27.28,28,37
2023-03-07 06:25,21,38.61,32,35
2023-03-07 06:20,Автомобилей,"Занятость, %","Ср.скорость, км/ч","85 процентиль, км/ч"
2023-03-07 06:20,17,19.22,34,36
2023-03-07 06:15,15,28.12,34,37
2023-03-07 06:15,14,4.63,36,45
2023-03-07 06:10,13,2.95,33,37
2023-03-07 06:05,17,8.32,32,34
2023-03-07 06:05,6,12.46,30,30
2023-03-07 06:00,8,35.73,17,33
2023-03-07 06:00,10,16.59,32,33
2023-03-07 05:55,18,1.98,19,22
2023-03-07 05:55,8,2.35,29,38
2023-03-07 05:50,Автомобилей,"Занятость, %","Ср.скорость, км/ч","85 процентиль, км/ч"
2023-03-07 05:50,2,3.92,0,0
2023-03-07 05:45,6,4.93,34,37
2023-03-07 05:45,11,2.87,34,37
2023-03-07 05:40,6,1.95,30,30
2023-03-07 05:35,10,5.66,35,42
2023-03-07 05:35,5,9.09,34,41
2023-03-07 05:30,4,21.83,9,17
2023-03-07 05:30,5,2.53,0,0
2023-03-07 05:25,10,6.41,21,25
2023-03-07 05:25,3,6.91,24,24
2023-03-07 05:20,Автомобилей,"Занятость, %","Ср.скорость, км/ч","85 процентиль, км/ч"
2023-03-07 05:20,1,19.75,37,37
2023-03-07 05:15,1,12.60,18,18
2023-03-07 05:15,4,1.01,38,49
2023-03-07 05:10,1,1.31,0,0
2023-03-07 05:05,4,8.97,19,21
2023-03-07 05:05,2,17.36,0,0
2023-03-07 05:00,1,0.30,26,26
2023-03-07 05:00,4,1.15,30,30
2023-03-07 04:55,4,0.49,9,9
2023-03-07 04:55,0,0.47,0,0
2023-03-07 04:50,Автомобилей,"Занятость, %","Ср.скорость, км/ч","85 процентиль, км/ч"
2023-03-07 04:50,2,9.88,32,38
2023-03-07 04:45,3,2.06,31,37
2023-03-07 04:45,5,1.23,0,0
2023-03-07 04:40,5,1.55,28,28
2023-03-07 04:35,5,1.34,31,31
2023-03-07 04:35,3,1.60,30,30
2023-03-07 04:30,1,6.33,10,10
2023-03-07 04:30,0,6.51,0,0
2023-03-07 04:25,3,0.37,26,26
2023-03-07 04:25,0,0.40,0,0
2023-03-07 04:20,Автомобилей,"Занятость, %","Ср.скорость, км/ч","85 процентиль, км/ч"
2023-03-07 04:20,1,0.98,40,40
2023-03-07 04:15,0,1.20,0,0
2023-03-07 04:15,2,0.64,27,37
2023-03-07 04:10,1,0.43,20,20
2023-03-07 04:05,4,0.93,12,12
2023-03-07 04:05,1,0.79,0,0
2023-03-07 04:00,1,9.63,9,9
2023-03-07 04:00,1,9.22,0,0
2023-03-07 03:55,6,0.88,18,20
2023-03-07 03:55,2,1.12,33,33
2023-03-07 03:50,Автомобилей,"Занятость, %","Ср.скорость, км/ч","85 процентиль, км/ч"
2023-03-07 03:50,1,0.30,0,0
2023-03-07 03:45,0,0.88,0,0
2023-03-07 03:45,1,0.24,0,0
2023-03-07 03:40,0,3.55,0,0
2023-03-07 03:35,5,5.00,12,12
2023-03-07 03:35,1,8.87,0,0
2023-03-07 03:30,1,0.50,12,12
2023-03-07 03:30,0,0.30,0,0
2023-03-07 03:25,8,12.48,19,21
2023-03-07 03:25,1,18.30,0,0
2023-03-07 03:20,Автомобилей,"Занятость, %","Ср.скорость, км/ч","85 процентиль, км/ч"
2023-03-07 03:20,0,0.20,0,0
2023-03-07 03:15,3,1.51,29,45
2023-03-07 03:15,4,1.71,40,40
2023-03-07 03:10,3,7.84,0,0
2023-03-07 03:05,0,0.02,0,0
2023-03-07 03:05,0,0.00,0,0
2023-03-07 03:00,0,0.00,0,0
2023-03-07 03:00,3,1.03,38,41
2023-03-07 02:55,11,1.68,25,28
2023-03-07 02:55,3,1.57,33,33
2023-03-07 02:50,Автомобилей,"Занятость, %","Ср.скорость, км/ч","85 процентиль, км/ч"
2023-03-07 02:50,1,0.43,30,30
2023-03-07 02:45,1,1.24,0,0
2023-03-07 02:45,1,0.28,0,0
2023-03-07 02:40,1,0.71,0,0
2023-03-07 02:35,1,0.13,20,20
2023-03-07 02:35,0,0.10,0,0
2023-03-07 02:30,1,8.74,15,15
2023-03-07 02:30,0,8.45,0,0
2023-03-07 02:25,8,1.33,17,17
2023-03-07 02:25,4,1.50,0,0
2023-03-07 02:20,Автомобилей,"Занятость, %","Ср.скорость, км/ч","85 процентиль, км/ч"
2023-03-07 02:20,0,0.80,0,0
2023-03-07 02:15,1,12.07,0,0
2023-03-07 02:15,5,1.31,32,38
2023-03-07 02:10,4,2.18,29,39
2023-03-07 02:05,6,1.19,15,16
2023-03-07 02:05,1,1.53,0,0
2023-03-07 02:00,0,0.03,0,0
2023-03-07 02:00,1,0.75,28,28
2023-03-07 01:55,4,0.44,18,18
2023-03-07 01:55,1,0.51,0,0
2023-03-07 01:50,Автомобилей,"Занятость, %","Ср.скорость, км/ч","85 процентиль, км/ч"
2023-03-07 01:50,1,19.01,0,0
2023-03-07 01:45,2,25.88,45,45
2023-03-07 01:45,4,0.90,34,37
2023-03-07 01:40,5,15.88,27,31
2023-03-07 01:35,7,8.53,18,23
2023-03-07 01:35,2,15.80,0,0
2023-03-07 01:30,2,1.98,11,15
2023-03-07 01:30,1,0.89,0,0
2023-03-07 01:25,10,1.38,17,19
2023-03-07 01:25,2,1.58,0,0
2023-03-07 01:20,Автомобилей,"Занятость, %","Ср.скорость, км/ч","85 процентиль, км/ч"
2023-03-07 01:20,0,21.02,0,0
2023-03-07 01:15,1,0.77,24,24
2023-03-07 01:15,3,0.76,30,34
2023-03-07 01:10,4,13.24,34,42
2023-03-07 01:05,5,13.66,30,34
2023-03-07 01:05,1,26.44,30,30
2023-03-07 01:00,5,4.38,18,26
2023-03-07 01:00,1,3.84,0,0
2023-03-07 00:55,15,10.30,25,27
2023-03-07 00:55,5,14.39,30,36
2023-03-07 00:50,Автомобилей,"Занятость, %","Ср.скорость, км/ч","85 процентиль, км/ч"
2023-03-07 00:50,3,34.69,42,48
2023-03-07 00:45,0,8.60,0,0
2023-03-07 00:45,10,2.89,33,38
2023-03-07 00:40,3,13.49,0,0
2023-03-07 00:35,11,3.13,38,38
2023-03-07 00:35,4,4.97,30,30
2023-03-07 00:30,5,13.41,11,16
2023-03-07 00:30,6,11.10,28,35
2023-03-07 00:25,23,21.43,26,31
2023-03-07 00:25,4,26.65,29,31
2023-03-07 00:20,Автомобилей,"Занятость, %","Ср.скорость, км/ч","85 процентиль, км/ч"
2023-03-07 00:20,0,10.87,0,0
2023-03-07 00:15,5,4.42,30,34
2023-03-07 00:15,4,2.02,25,33
2023-03-07 00:10,4,29.84,33,33
2023-03-07 00:05,7,2.34,30,33
2023-03-07 00:05,3,3.50,28,28
2023-03-07 00:00,9,31.51,13,22
2023-03-07 00:00,6,4.54,26,29
2023-03-06 23:55,15,2.12,27,35
2023-03-06 23:55,2,1.91,26,30
2023-03-06 23:50,Автомобилей,"Занятость, %","Ср.скорость, км/ч","85 процентиль, км/ч"
2023-03-06 23:50,7,17.76,26,26
2023-03-06 23:45,5,28.26,33,43
2023-03-06 23:45,14,3.12,29,38
2023-03-06 23:40,3,27.30,32,34
2023-03-06 23:35,18,14.07,33,39
2023-03-06 23:35,6,25.51,35,43
2023-03-06 23:30,8,30.66,15,29
2023-03-06 23:30,6,28.33,30,35
2023-03-06 23:25,21,5.07,27,34
2023-03-06 23:25,4,5.81,33,36
2023-03-06 23:20,Автомобилей,"Занятость, %","Ср.скорость, км/ч","85 процентиль, км/ч"
2023-03-06 23:20,8,26.77,33,37
2023-03-06 23:15,7,5.47,29,31
2023-03-06 23:15,12,2.76,36,40
2023-03-06 23:10,9,10.72,29,32
2023-03-06 23:05,26,5.35,32,35
2023-03-06 23:05,10,6.96,31,33
2023-03-06 23:00,15,17.90,18,23
2023-03-06 23:00,9,6.56,30,32
2023-03-06 22:55,36,29.32,28,33
2023-03-06 22:55,12,31.25,32,35
2023-03-06 22:50,Автомобилей,"Занятость, %","Ср.скорость, км/ч","85 процентиль, км/ч"
2023-03-06 22:50,4,16.06,34,37
2023-03-06 22:45,6,33.31,30,30
2023-03-06 22:45,14,9.94,31,38
2023-03-06 22:40,10,9.52,32,37
2023-03-06 22:35,21,13.04,31,35
2023-03-06 22:35,5,22.69,33,38
2023-03-06 22:30,16,37.37,15,26
2023-03-06 22:30,15,23.90,33,41
2023-03-06 22:25,43,19.92,29,37
2023-03-06 22:25,9,20.68,32,35
2023-03-06 22:20,Автомобилей,"Занятость, %","Ср.скорость, км/ч","85 процентиль, км/ч"
2023-03-06 22:20,15,9.17,32,36
2023-03-06 22:15,7,6.25,29,35
2023-03-06 22:15,15,3.95,31,41
2023-03-06 22:10,19,30.71,29,33
2023-03-06 22:05,28,6.44,31,36
2023-03-06 22:05,12,7.94,33,38
2023-03-06 22:00,14,39.99,17,32
2023-03-06 22:00,18,31.08,32,37
2023-03-06 21:55,64,22.30,27,33
2023-03-06 21:55,13,17.72,33,37
2023-03-06 21:50,Автомобилей,"Занятость, %","Ср.скорость, км/ч","85 процентиль, км/ч"
2023-03-06 21:50,11,6.45,31,37
2023-03-06 21:45,13,28.35,30,33
2023-03-06 21:45,13,3.81,31,34
2023-03-06 21:40,7,44.13,29,35
2023-03-06 21:35,42,24.83,31,36
2023-03-06 21:35,20,43.96,30,34
2023-03-06 21:30,30,27.87,16,24
2023-03-06 21:30,16,24.57,32,35
2023-03-06 21:25,75,40.19,28,33
2023-03-06 21:25,18,54.39,32,35
2023-03-06 21:20,Автомобилей,"Занятость, %","Ср.скорость, км/ч","85 процентиль, км/ч"
2023-03-06 21:20,18,21.67,28,30
2023-03-06 21:15,15,55.85,30,34
2023-03-06 21:15,20,5.59,31,37
2023-03-06 21:10,23,27.45,31,37
2023-03-06 21:05,47,19.93,33,41
2023-03-06 21:05,18,32.87,35,47
2023-03-06 21:00,27,41.85,18,28
2023-03-06 21:00,23,38.39,31,35
2023-03-06 20:55,80,25.68,26,31
2023-03-06 20:55,21,33.04,33,37
2023-03-06 20:50,Автомобилей,"Занятость, %","Ср.скорость, км/ч","85 процентиль, км/ч"
2023-03-06 20:50,23,22.75,32,37
2023-03-06 20:45,27,23.27,32,36
2023-03-06 20:45,24,8.34,28,33
2023-03-06 20:40,17,38.73,31,34
2023-03-06 20:35,58,23.86,31,36
2023-03-06 20:35,31,38.77,30,36
2023-03-06 20:30,86,62.01,21,31
2023-03-06 20:30,27,26.26,30,36
2023-03-06 20:25,87,34.51,25,32
2023-03-06 20:25,22,30.79,28,34
2023-03-06 20:20,Автомобилей,"Занятость, %","Ср.скорость, км/ч","85 процентиль, км/ч"
2023-03-06 20:20,25,40.04,30,33
2023-03-06 20:15,25,55.23,30,34
2023-03-06 20:15,35,9.76,27,31
2023-03-06 20:10,25,45.96,34,36
2023-03-06 20:05,62,13.92,31,35
2023-03-06 20:05,30,18.47,33,37
2023-03-06 20:00,22,56.59,19,26
2023-03-06 20:00,24,26.77,32,37
2023-03-06 19:55,126,26.23,26,31
2023-03-06 19:55,29,17.42,31,34
2023-03-06 19:50,Автомобилей,"Занятость, %","Ср.скорость, км/ч","85 процентиль, км/ч"
2023-03-06 19:50,28,17.98,33,38
2023-03-06 19:45,24,35.58,34,39
2023-03-06 19:45,26,7.56,33,37
2023-03-06 19:40,19,13.62,31,37
2023-03-06 19:35,41,23.06,30,39
2023-03-06 19:35,23,37.57,32,43
2023-03-06 19:30,29,82.99,16,19
2023-03-06 19:30,20,35.39,31,33
2023-03-06 19:25,73,43.38,28,32
2023-03-06 19:25,18,43.48,33,39
2023-03-06 19:20,Автомобилей,"Занятость, %","Ср.скорость, км/ч","85 процентиль, км/ч"
2023-03-06 19:20,23,37.49,32,42
2023-03-06 19:15,26,45.09,31,36
2023-03-06 19:15,25,8.04,32,37
2023-03-06 19:10,18,43.59,31,34
2023-03-06 19:05,52,16.21,30,34
2023-03-06 19:05,25,23.21,30,35
2023-03-06 19:00,42,77.80,19,28
2023-03-06 19:00,13,50.59,27,32
2023-03-06 18:55,109,45.82,29,36
2023-03-06 18:55,30,58.62,31,36
2023-03-06 18:50,Автомобилей,"Занятость, %","Ср.скорость, км/ч","85 процентиль, км/ч"
2023-03-06 18:50,20,13.22,31,34
2023-03-06 18:45,25,21.99,32,35
2023-03-06 18:45,23,11.75,32,39
2023-03-06 18:40,25,51.92,30,36
2023-03-06 18:35,53,31.15,30,34
2023-03-06 18:35,21,36.64,32,35
2023-03-06 18:30,37,59.86,19,26
2023-03-06 18:30,29,41.68,29,35
2023-03-06 18:25,115,46.05,26,33
2023-03-06 18:25,32,36.96,31,36
2023-03-06 18:20,Автомобилей,"Занятость, %","Ср.скорость, км/ч","85 процентиль, км/ч"
2023-03-06 18:20,32,29.87,31,36
2023-03-06 18:15,30,41.51,32,37
2023-03-06 18:15,34,9.23,32,38
2023-03-06 18:10,28,27.06,32,36
2023-03-06 18:05,68,16.55,31,36
2023-03-06 18:05,35,23.21,32,38
2023-03-06 18:00,32,54.41,19,28
2023-03-06 18:00,29,31.00,33,37
2023-03-06 17:55,117,47.64,27,33
2023-03-06 17:55,29,54.05,34,39
2023-03-06 17:50,Автомобилей,"Занятость, %","Ср.скорость, км/ч","85 процентиль, км/ч"
2023-03-06 17:50,19,50.39,33,39
2023-03-06 17:45,30,35.19,33,37
2023-03-06 17:45,28,12.06,32,42
2023-03-06 17:40,18,49.10,33,36
2023-03-06 17:35,62,12.17,33,38
2023-03-06 17:35,29,16.29,34,38
2023-03-06 17:30,39,71.32,19,27
2023-03-06 17:30,24,34.73,32,39
2023-03-06 17:25,124,43.61,26,32
2023-03-06 17:25,39,58.08,31,38
2023-03-06 17:20,Автомобилей,"Занятость, %","Ср.скорость, км/ч","85 процентиль, км/ч"
2023-03-06 17:20,21,31.53,34,38
2023-03-06 17:15,39,49.13,34,38
2023-03-06 17:15,38,8.48,33,38
2023-03-06 17:10,35,25.09,31,34
2023-03-06 17:05,93,29.12,31,35
2023-03-06 17:05,44,45.26,30,34
2023-03-06 17:00,43,43.91,18,24
2023-03-06 17:00,31,39.94,34,39
2023-03-06 16:55,112,33.83,27,33
2023-03-06 16:55,35,22.62,33,36
2023-03-06 16:50,Автомобилей,"Занятость, %","Ср.скорость, км/ч","85 процентиль, км/ч"
2023-03-06 16:50,24,50.78,33,37
2023-03-06 16:45,43,15.51,32,35
2023-03-06 16:45,38,11.43,30,34
2023-03-06 16:40,21,51.74,33,38
2023-03-06 16:35,79,27.73,32,40
2023-03-06 16:35,45,44.55,31,35
2023-03-06 16:30,39,44.19,18,22
2023-03-06 16:30,36,13.32,30,41
2023-03-06 16:25,94,43.93,27,33
2023-03-06 16:25,31,58.57,32,36
2023-03-06 16:20,Автомобилей,"Занятость, %","Ср.скорость, км/ч","85 процентиль, км/ч"
2023-03-06 16:20,34,38.52,31,36
2023-03-06 16:15,33,20.00,34,40
2023-03-06 16:15,31,8.11,34,40
2023-03-06 16:10,28,60.24,33,37
2023-03-06 16:05,68,13.91,33,37
2023-03-06 16:05,36,18.59,33,37
2023-03-06 16:00,30,61.91,14,22
2023-03-06 16:00,28,40.61,31,34
2023-03-06 15:55,120,40.79,27,32
2023-03-06 15:55,41,34.44,31,34
2023-03-06 15:50,Автомобилей,"Занятость, %","Ср.скорость, км/ч","85 процентиль, км/ч"
2023-03-06 15:50,39,38.43,30,35
2023-03-06 15:45,42,33.29,32,36
2023-03-06 15:45,30,15.38,30,35
2023-03-06 15:40,29,11.44,31,36
2023-03-06 15:35,68,23.07,31,36
2023-03-06 15:35,34,37.08,31,35
2023-03-06 15:30,34,71.67,10,14
2023-03-06 15:30,25,33.50,31,36
2023-03-06 15:25,111,44.29,28,33
2023-03-06 15:25,32,46.71,33,38
2023-03-06 15:20,Автомобилей,"Занятость, %","Ср.скорость, км/ч","85 процентиль, км/ч"
2023-03-06 15:20,32,11.04,35,38
2023-03-06 15:15,33,22.56,32,36
2023-03-06 15:15,23,10.43,32,38
2023-03-06 15:10,18,42.46,34,38
2023-03-06 15:05,56,19.12,31,36
2023-03-06 15:05,29,29.02,30,35
2023-03-06 15:00,49,69.78,19,25
2023-03-06 15:00,36,28.42,26,29
2023-03-06 14:55,141,35.10,23,29
2023-03-06 14:55,46,18.75,29,34
2023-03-06 14:50,Автомобилей,"Занятость, %","Ср.скорость, км/ч","85 процентиль, км/ч"
2023-03-06 14:50,30,15.36,33,38
2023-03-06 14:45,26,54.02,30,34
2023-03-06 14:45,19,9.07,31,35
2023-03-06 14:40,27,28.11,30,34
2023-03-06 14:35,61,12.82,33,38
2023-03-06 14:35,34,14.00,34,38
2023-03-06 14:30,35,50.91,18,25
2023-03-06 14:30,32,44.02,31,35
2023-03-06 14:25,106,32.92,25,31
2023-03-06 14:25,34,34.89,33,38
2023-03-06 14:20,Автомобилей,"Занятость, %","Ср.скорость, км/ч","85 процентиль, км/ч"
2023-03-06 14:20,25,42.55,34,38
2023-03-06 14:15,34,25.64,32,37
2023-03-06 14:15,31,11.42,26,35
2023-03-06 14:10,39,40.24,32,37
2023-03-06 14:05,54,35.10,30,35
2023-03-06 14:05,36,58.50,31,35
2023-03-06 14:00,42,42.25,17,23
2023-03-06 14:00,42,36.36,32,36
2023-03-06 13:55,89,38.32,27,34
2023-03-06 13:55,28,41.22,33,40
2023-03-06 13:50,Автомобилей,"Занятость, %","Ср.скорость, км/ч","85 процентиль, км/ч"
2023-03-06 13:50,46,32.51,34,39
2023-03-06 13:45,16,4.36,29,32
2023-03-06 13:45,12,4.05,41,62
2023-03-06 13:40,34,36.06,33,36
2023-03-06 13:35,48,37.66,30,36
2023-03-06 13:35,31,30.64,31,34
2023-03-06 13:30,35,53.92,13,21
2023-03-06 13:30,41,16.62,30,35
2023-03-06 13:25,116,34.41,26,31
2023-03-06 13:25,47,27.87,31,37
2023-03-06 13:20,Автомобилей,"Занятость, %","Ср.скорость, км/ч","85 процентиль, км/ч"
2023-03-06 13:20,39,20.10,32,37
2023-03-06 13:15,42,39.28,27,30
2023-03-06 13:15,36,12.45,28,31
2023-03-06 13:10,36,36.15,32,35
2023-03-06 13:05,60,16.75,29,35
2023-03-06 13:05,34,23.35,29,36
2023-03-06 13:00,38,61.21,15,23
2023-03-06 13:00,37,48.07,30,35
2023-03-06 12:55,104,31.10,26,33
2023-03-06 12:55,33,31.57,30,36
2023-03-06 12:50,Автомобилей,"Занятость, %","Ср.скорость, км/ч","85 процентиль, км/ч"
2023-03-06 12:50,30,50.68,31,35
2023-03-06 12:45,31,14.39,31,35
2023-03-06 12:45,28,9.26,30,34
2023-03-06 12:40,32,35.35,29,35
2023-03-06 12:35,45,11.03,31,35
2023-03-06 12:35,29,13.06,32,36
2023-03-06 12:30,23,28.76,16,23
2023-03-06 12:30,22,9.94,31,35
2023-03-06 12:25,94,18.65,25,30
2023-03-06 12:25,32,16.23,32,36
2023-03-06 12:20,Автомобилей,"Занятость, %","Ср.скорость, км/ч","85 процентиль, км/ч"
2023-03-06 12:20,36,52.87,33,37
2023-03-06 12:15,33,13.99,31,38
2023-03-06 12:15,28,8.84,30,37
2023-03-06 12:10,25,14.52,31,37
2023-03-06 12:05,54,9.76,33,40
2023-03-06 12:05,28,12.07,33,41
2023-03-06 12:00,43,53.57,24,34
2023-03-06 12:00,30,52.79,31,37
2023-03-06 11:55,109,16.62,25,32
2023-03-06 11:55,45,13.10,32,38
2023-03-06 11:50,Автомобилей,"Занятость, %","Ср.скорость, км/ч","85 процентиль, км/ч"
2023-03-06 11:50,51,30.49,30,38
2023-03-06 11:45,43,29.72,30,34
2023-03-06 11:45,36,10.28,31,36
2023-03-06 11:40,28,34.39,34,39
2023-03-06 11:35,66,11.70,33,41
2023-03-06 11:35,28,13.80,33,39
2023-03-06 11:30,53,60.61,17,24
2023-03-06 11:30,43,36.68,32,35
2023-03-06 11:25,126,23.61,27,33
2023-03-06 11:25,39,18.85,30,34
2023-03-06 11:20,Автомобилей,"Занятость, %","Ср.скорость, км/ч","85 процентиль, км/ч"
2023-03-06 11:20,36,28.71,31,37
2023-03-06 11:15,21,30.50,27,38
2023-03-06 11:15,17,6.25,28,35
2023-03-06 11:10,32,15.59,32,36
2023-03-06 11:05,57,22.30,31,35
2023-03-06 11:05,29,36.64,32,37
2023-03-06 11:00,46,52.35,15,19
2023-03-06 11:00,28,41.39,31,35
2023-03-06 10:55,111,37.68,26,32
2023-03-06 10:55,31,34.56,34,38
2023-03-06 10:50,Автомобилей,"Занятость, %","Ср.скорость, км/ч","85 процентиль, км/ч"
2023-03-06 10:50,32,31.63,31,36
2023-03-06 10:45,30,33.28,35,45
2023-03-06 10:45,41,9.56,32,37
2023-03-06 10:40,28,32.60,31,36
2023-03-06 10:35,62,22.55,29,37
2023-03-06 10:35,28,34.61,32,38
2023-03-06 10:30,42,50.06,18,26
2023-03-06 10:30,38,25.08,34,37
2023-03-06 10:25,116,47.30,26,31
2023-03-06 10:25,38,61.84,32,37
2023-03-06 10:20,Автомобилей,"Занятость, %","Ср.скорость, км/ч","85 процентиль, км/ч"
2023-03-06 10:20,25,31.23,30,36
2023-03-06 10:15,41,25.06,33,38
2023-03-06 10:15,32,10.42,31,37
2023-03-06 10:10,36,40.05,32,37
2023-03-06 10:05,66,13.33,33,37
2023-03-06 10:05,36,17.79,34,39
2023-03-06 10:00,55,71.28,17,20
2023-03-06 10:00,41,18.40,31,35
2023-03-06 09:55,117,41.32,26,32
2023-03-06 09:55,33,52.13,32,37
2023-03-06 09:50,Автомобилей,"Занятость, %","Ср.скорость, км/ч","85 процентиль, км/ч"
2023-03-06 09:50,41,71.91,30,34
2023-03-06 09:45,42,23.97,32,36
2023-03-06 09:45,33,23.87,27,30
2023-03-06 09:40,37,13.47,33,38
2023-03-06 09:35,63,15.63,32,38
2023-03-06 09:35,39,11.17,31,36
2023-03-06 09:30,48,66.70,20,26
2023-03-06 09:30,31,61.70,33,37
2023-03-06 09:25,99,34.86,26,33
2023-03-06 09:25,32,35.09,31,36
2023-03-06 09:20,Автомобилей,"Занятость, %","Ср.скорость, км/ч","85 процентиль, км/ч"
2023-03-06 09:20,39,37.94,32,35
2023-03-06 09:15,31,49.91,37,46
2023-03-06 09:15,34,11.32,33,38
2023-03-06 09:10,45,22.62,32,36
2023-03-06 09:05,70,36.46,27,32
2023-03-06 09:05,36,58.89,29,34
2023-03-06 09:00,50,41.92,18,25
2023-03-06 09:00,47,16.35,32,35
2023-03-06 08:55,114,28.37,25,31
2023-03-06 08:55,42,34.27,32,36
2023-03-06 08:50,Автомобилей,"Занятость, %","Ср.скорость, км/ч","85 процентиль, км/ч"
2023-03-06 08:50,62,18.04,29,35
2023-03-06 08:45,45,27.24,31,34
2023-03-06 08:45,33,17.82,29,35
2023-03-06 08:40,57,45.88,31,34
2023-03-06 08:35,87,23.89,33,38
2023-03-06 08:35,48,32.32,35,40
2023-03-06 08:30,55,66.80,19,25
2023-03-06 08:30,53,59.45,30,34
2023-03-06 08:25,123,26.58,27,33
2023-03-06 08:25,42,27.57,33,37
2023-03-06 08:20,Автомобилей,"Занятость, %","Ср.скорость, км/ч","85 процентиль, км/ч"
2023-03-06 08:20,45,22.83,31,37
2023-03-06 08:15,41,52.78,30,35
2023-03-06 08:15,36,15.48,30,36
2023-03-06 08:10,55,23.15,33,37
2023-03-06 08:05,69,26.54,30,35
2023-03-06 08:05,35,36.44,29,34
2023-03-06 08:00,103,69.66,15,24
2023-03-06 08:00,47,39.41,31,36
2023-03-06 07:55,101,46.53,25,31
2023-03-06 07:55,30,49.46,32,35
2023-03-06 07:50,Автомобилей,"Занятость, %","Ср.скорость, км/ч","85 процентиль, км/ч"
2023-03-06 07:50,44,21.99,32,35
2023-03-06 07:45,31,11.85,35,39
2023-03-06 07:45,29,9.67,31,38
2023-03-06 07:40,40,53.64,31,34
2023-03-06 07:35,62,22.07,30,35
2023-03-06 07:35,32,33.63,31,36
2023-03-06 07:30,30,43.64,18,25
2023-03-06 07:30,33,45.09,30,34
2023-03-06 07:25,69,21.63,28,37
2023-03-06 07:25,17,19.79,32,37
2023-03-06 07:20,Автомобилей,"Занятость, %","Ср.скорость, км/ч","85 процентиль, км/ч"
2023-03-06 07:20,38,25.79,33,37
2023-03-06 07:15,28,23.63,31,35
2023-03-06 07:15,34,20.72,30,34
2023-03-06 07:10,42,37.46,31,34
2023-03-06 07:05,50,27.18,33,37
2023-03-06 07:05,28,37.73,36,39
2023-03-06 07:00,23,28.52,16,27
2023-03-06 07:00,29,29.83,34,38
2023-03-06 06:55,70,26.48,21,24
2023-03-06 06:55,23,32.40,33,38
2023-03-06 06:50,Автомобилей,"Занятость, %","Ср.скорость, км/ч","85 процентиль, км/ч"
2023-03-06 06:50,32,17.06,36,41
2023-03-06 06:45,25,22.47,34,38
2023-03-06 06:45,25,18.56,31,35
2023-03-06 06:40,28,22.83,34,38
2023-03-06 06:35,39,10.75,34,39
2023-03-06 06:35,17,6.66,34,39
2023-03-06 06:30,10,45.66,0,0
2023-03-06 06:30,26,33.34,33,37
2023-03-06 06:25,59,24.92,22,25
2023-03-06 06:25,22,29.69,33,36
2023-03-06 06:20,Автомобилей,"Занятость, %","Ср.скорость, км/ч","85 процентиль, км/ч"
2023-03-06 06:20,15,30.94,34,38
2023-03-06 06:15,7,8.93,27,30
2023-03-06 06:15,15,4.55,32,37
2023-03-06 06:10,12,3.78,38,42
2023-03-06 06:05,20,5.51,31,34
2023-03-06 06:05,9,4.73,35,36
2023-03-06 06:00,2,0.75,0,0
2023-03-06 06:00,7,2.14,33,33
2023-03-06 05:55,23,3.94,23,28
2023-03-06 05:55,7,3.71,33,40
2023-03-06 05:50,Автомобилей,"Занятость, %","Ср.скорость, км/ч","85 процентиль, км/ч"
2023-03-06 05:50,8,16.76,29,42
2023-03-06 05:45,9,2.78,30,36
2023-03-06 05:45,11,4.20,29,35
2023-03-06 05:40,10,2.97,28,28
2023-03-06 05:35,12,2.82,31,38
2023-03-06 05:35,4,3.09,33,38
2023-03-06 05:30,2,0.63,0,0
2023-03-06 05:30,2,0.89,40,40
2023-03-06 05:25,18,2.03,11,13
2023-03-06 05:25,9,2.40,0,0
2023-03-06 05:20,Автомобилей,"Занятость, %","Ср.скорость, км/ч","85 процентиль, км/ч"
2023-03-06 05:20,5,11.26,35,43
2023-03-06 05:15,4,16.63,32,40
2023-03-06 05:15,1,1.13,30,30
2023-03-06 05:10,2,3.04,0,0
2023-03-06 05:05,10,2.57,31,33
2023-03-06 05:05,4,1.95,29,34
2023-03-06 05:00,2,1.23,0,0
2023-03-06 05:00,6,2.73,29,37
2023-03-06 04:55,4,1.05,13,13
2023-03-06 04:55,1,0.41,0,0
2023-03-06 04:50,Автомобилей,"Занятость, %","Ср.скорость, км/ч","85 процентиль, км/ч"
2023-03-06 04:50,5,1.28,36,36
2023-03-06 04:45,3,1.96,38,38
2023-03-06 04:45,5,4.43,40,40
2023-03-06 04:40,4,9.40,37,42
2023-03-06 04:35,7,3.87,29,31
2023-03-06 04:35,2,1.49,36,36
2023-03-06 04:30,4,3.99,14,14
2023-03-06 04:30,2,3.15,30,30
2023-03-06 04:25,4,3.53,16,18
2023-03-06 04:25,1,2.66,24,24
2023-03-06 04:20,Автомобилей,"Занятость, %","Ср.скорость, км/ч","85 процентиль, км/ч"
2023-03-06 04:20,1,12.07,0,0
2023-03-06 04:15,3,1.04,21,21
2023-03-06 04:15,3,8.18,28,28
2023-03-06 04:10,0,11.11,0,0
2023-03-06 04:05,3,1.94,14,14
2023-03-06 04:05,0,0.43,0,0
2023-03-06 04:00,1,0.54,0,0
2023-03-06 04:00,2,0.80,28,39
2023-03-06 03:55,6,5.79,19,24
2023-03-06 03:55,3,3.80,32,43
2023-03-06 03:50,Автомобилей,"Занятость, %","Ср.скорость, км/ч","85 процентиль, км/ч"
2023-03-06 03:50,2,12.25,0,0
2023-03-06 03:45,0,0.87,0,0
2023-03-06 03:45,1,1.43,32,32
2023-03-06 03:40,1,2.58,24,24
2023-03-06 03:35,2,2.42,36,36
2023-03-06 03:35,1,0.36,39,39
2023-03-06 03:30,1,9.87,0,0
2023-03-06 03:30,1,1.35,27,27
2023-03-06 03:25,6,5.46,21,23
2023-03-06 03:25,1,5.31,34,34
2023-03-06 03:20,Автомобилей,"Занятость, %","Ср.скорость, км/ч","85 процентиль, км/ч"
2023-03-06 03:20,2,0.40,35,35
2023-03-06 03:15,0,6.30,0,0
2023-03-06 03:15,1,10.57,24,24
2023-03-06 03:10,1,0.83,0,0
2023-03-06 03:05,1,10.25,0,0
2023-03-06 03:05,0,11.51,0,0
2023-03-06 03:00,3,16.62,0,0
2023-03-06 03:00,1,1.51,0,0
2023-03-06 02:55,4,4.37,9,9
2023-03-06 02:55,2,0.49,0,0
2023-03-06 02:50,Автомобилей,"Занятость, %","Ср.скорость, км/ч","85 процентиль, км/ч"
2023-03-06 02:50,2,1.84,26,28
2023-03-06 02:45,1,4.09,33,33
2023-03-06 02:45,3,20.81,27,32
2023-03-06 02:40,2,9.50,29,30
2023-03-06 02:35,4,5.14,32,32
2023-03-06 02:35,2,0.68,36,36
2023-03-06 02:30,0,0.00,0,0
2023-03-06 02:30,0,0.20,0,0
2023-03-06 02:25,4,12.07,8,8
2023-03-06 02:25,0,0.60,0,0
2023-03-06 02:20,Автомобилей,"Занятость, %","Ср.скорость, км/ч","85 процентиль, км/ч"
2023-03-06 02:20,0,0.54,0,0
2023-03-06 02:15,3,23.97,40,40
2023-03-06 02:15,5,15.84,36,36
2023-03-06 02:10,0,0.70,0,0
2023-03-06 02:05,1,4.27,0,0
2023-03-06 02:05,0,6.74,0,0
2023-03-06 02:00,4,0.80,0,0
2023-03-06 02:00,3,1.75,22,23
2023-03-06 01:55,7,10.09,19,22
2023-03-06 01:55,1,13.23,28,28
2023-03-06 01:50,Автомобилей,"Занятость, %","Ср.скорость, км/ч","85 процентиль, км/ч"
2023-03-06 01:50,3,10.64,29,33
2023-03-06 01:45,1,0.40,35,35
2023-03-06 01:45,1,0.82,0,0
2023-03-06 01:40,5,9.62,33,36
2023-03-06 01:35,9,5.98,33,36
2023-03-06 01:35,2,9.95,36,36
2023-03-06 01:30,22,11.02,0,0
2023-03-06 01:30,3,2.36,31,39
2023-03-06 01:25,12,5.96,20,21
2023-03-06 01:25,4,7.89,35,35
2023-03-06 01:20,Автомобилей,"Занятость, %","Ср.скорость, км/ч","85 процентиль, км/ч"
2023-03-06 01:20,1,24.47,0,0
2023-03-06 01:15,0,32.65,0,0
2023-03-06 01:15,4,1.45,28,35
2023-03-06 01:10,4,9.77,36,36
2023-03-06 01:05,8,4.37,30,31
2023-03-06 01:05,2,6.64,32,32
2023-03-06 01:00,7,26.47,23,55
2023-03-06 01:00,3,3.78,34,34
2023-03-06 00:55,7,5.89,11,13
2023-03-06 00:55,1,1.34,0,0
2023-03-06 00:50,Автомобилей,"Занятость, %","Ср.скорость, км/ч","85 процентиль, км/ч"
2023-03-06 00:50,4,1.88,28,28
2023-03-06 00:45,2,7.88,34,36
2023-03-06 00:45,6,2.23,31,33
2023-03-06 00:40,7,26.37,32,36
2023-03-06 00:35,12,2.65,34,41
2023-03-06 00:35,5,2.18,32,37
2023-03-06 00:30,7,12.03,15,27
2023-03-06 00:30,10,9.86,31,35
2023-03-06 00:25,14,12.63,29,36
2023-03-06 00:25,1,12.10,33,33
2023-03-06 00:20,Автомобилей,"Занятость, %","Ср.скорость, км/ч","85 процентиль, км/ч"
2023-03-06 00:20,1,23.59,0,0
2023-03-06 00:15,4,21.68,31,34
2023-03-06 00:15,13,6.58,33,41
2023-03-06 00:10,4,3.43,32,32
2023-03-06 00:05,10,4.58,30,33
2023-03-06 00:05,2,5.08,28,28
2023-03-06 00:00,5,20.57,29,39
2023-03-06 00:00,4,2.16,0,0
2023-03-05 23:55,22,13.53,26,36
2023-03-05 23:55,4,15.66,32,42
2023-03-05 23:50,Автомобилей,"Занятость, %","Ср.скорость, км/ч","85 процентиль, км/ч"
2023-03-05 23:50,4,16.57,33,33
2023-03-05 23:45,5,10.51,33,33
2023-03-05 23:45,11,6.71,32,40
2023-03-05 23:40,7,18.68,26,26
2023-03-05 23:35,12,12.52,35,39
2023-03-05 23:35,3,18.42,40,40
2023-03-05 23:30,8,21.86,17,32
2023-03-05 23:30,7,6.49,29,32
2023-03-05 23:25,23,7.16,26,33
2023-03-05 23:25,5,7.99,32,32
2023-03-05 23:20,Автомобилей,"Занятость, %","Ср.скорость, км/ч","85 процентиль, км/ч"
2023-03-05 23:20,9,5.67,29,32
2023-03-05 23:15,7,14.65,31,38
2023-03-05 23:15,8,6.48,29,33
2023-03-05 23:10,7,33.03,34,39
2023-03-05 23:05,9,3.66,16,19
2023-03-05 23:05,2,3.62,0,0
2023-03-05 23:00,16,33.39,16,26
2023-03-05 23:00,12,32.07,33,38
2023-03-05 22:55,38,21.86,29,35
2023-03-05 22:55,14,21.79,32,35
2023-03-05 22:50,Автомобилей,"Занятость, %","Ср.скорость, км/ч","85 процентиль, км/ч"
2023-03-05 22:50,6,11.98,9,9
2023-03-05 22:45,7,24.53,29,29
2023-03-05 22:45,11,4.21,29,38
2023-03-05 22:40,6,25.55,30,33
2023-03-05 22:35,22,13.08,33,37
2023-03-05 22:35,9,20.51,33,36
2023-03-05 22:30,13,18.51,17,29
2023-03-05 22:30,10,17.92,31,33
2023-03-05 22:25,42,17.23,25,30
2023-03-05 22:25,8,9.09,31,34
2023-03-05 22:20,Автомобилей,"Занятость, %","Ср.скорость, км/ч","85 процентиль, км/ч"
2023-03-05 22:20,7,26.04,34,40
2023-03-05 22:15,10,27.04,34,45
2023-03-05 22:15,19,6.06,33,40
2023-03-05 22:10,14,10.65,30,34
2023-03-05 22:05,31,24.14,33,38
2023-03-05 22:05,13,44.05,34,38
2023-03-05 22:00,26,33.48,26,35
2023-03-05 22:00,4,29.42,29,30
2023-03-05 21:55,61,12.13,26,33
2023-03-05 21:55,22,12.57,32,36
2023-03-05 21:50,Автомобилей,"Занятость, %","Ср.скорость, км/ч","85 процентиль, км/ч"
2023-03-05 21:50,11,23.27,34,45
2023-03-05 21:45,10,21.50,30,33
2023-03-05 21:45,13,3.84,32,36
2023-03-05 21:40,13,11.83,35,39
2023-03-05 21:35,40,14.97,33,41
2023-03-05 21:35,20,23.44,34,45
2023-03-05 21:30,36,43.19,17,27
2023-03-05 21:30,11,10.11,29,34
2023-03-05 21:25,62,18.53,31,38
2023-03-05 21:25,11,10.24,37,39
2023-03-05 21:20,Автомобилей,"Занятость, %","Ср.скорость, км/ч","85 процентиль, км/ч"
2023-03-05 21:20,17,39.10,33,36
2023-03-05 21:15,12,14.36,32,37
2023-03-05 21:15,16,5.51,32,36
2023-03-05 21:10,20,27.12,33,36
2023-03-05 21:05,39,15.74,33,39
2023-03-05 21:05,16,22.54,36,42
2023-03-05 21:00,25,35.01,20,30
2023-03-05 21:00,28,12.69,32,37
2023-03-05 20:55,59,23.29,26,34
2023-03-05 20:55,12,14.89,31,37
2023-03-05 20:50,Автомобилей,"Занятость, %","Ср.скорость, км/ч","85 процентиль, км/ч"
2023-03-05 20:50,13,26.10,32,36
2023-03-05 20:45,15,21.21,33,36
2023-03-05 20:45,24,6.89,31,37
2023-03-05 20:40,13,23.38,33,38
2023-03-05 20:35,36,15.91,31,34
2023-03-05 20:35,17,26.96,33,37
2023-03-05 20:30,24,60.38,15,24
2023-03-05 20:30,23,26.46,32,37
2023-03-05 20:25,75,31.58,27,32
2023-03-05 20:25,16,33.02,31,35
2023-03-05 20:20,Автомобилей,"Занятость, %","Ср.скорость, км/ч","85 процентиль, км/ч"
2023-03-05 20:20,22,8.60,33,36
2023-03-05 20:15,17,10.46,29,33
2023-03-05 20:15,18,6.52,33,38
2023-03-05 20:10,16,25.42,28,31
2023-03-05 20:05,42,8.14,31,35
2023-03-05 20:05,19,9.04,32,35
2023-03-05 20:00,34,58.78,18,28
2023-03-05 20:00,17,28.21,30,33
2023-03-05 19:55,109,39.55,26,29
2023-03-05 19:55,27,45.10,31,34
2023-03-05 19:50,Автомобилей,"Занятость, %","Ср.скорость, км/ч","85 процентиль, км/ч"
2023-03-05 19:50,15,30.96,32,35
2023-03-05 19:45,26,47.95,31,37
2023-03-05 19:45,28,9.02,32,37
2023-03-05 19:40,24,14.90,30,34
2023-03-05 19:35,52,16.80,32,35
2023-03-05 19:35,25,24.81,34,37
2023-03-05 19:30,44,66.71,18,29
2023-03-05 19:30,13,49.26,32,36
2023-03-05 19:25,83,23.36,25,29
2023-03-05 19:25,25,10.47,30,34
2023-03-05 19:20,Автомобилей,"Занятость, %","Ср.скорость, км/ч","85 процентиль, км/ч"
2023-03-05 19:20,25,14.18,30,34
2023-03-05 19:15,24,28.91,36,40
2023-03-05 19:15,26,7.50,32,36
2023-03-05 19:10,32,55.13,32,36
2023-03-05 19:05,51,24.76,32,35
2023-03-05 19:05,24,41.83,34,37
2023-03-05 19:00,26,35.21,19,28
2023-03-05 19:00,21,26.99,33,37
2023-03-05 18:55,82,29.65,25,32
2023-03-05 18:55,30,14.56,32,36
2023-03-05 18:50,Автомобилей,"Занятость, %","Ср.скорость, км/ч","85 процентиль, км/ч"
2023-03-05 18:50,15,52.08,31,33
2023-03-05 18:45,20,51.44,36,39
2023-03-05 18:45,19,6.03,33,37
2023-03-05 18:40,25,43.49,32,37
2023-03-05 18:35,48,14.29,32,36
2023-03-05 18:35,23,18.35,33,37
2023-03-05 18:30,44,65.25,18,27
2023-03-05 18:30,23,11.98,34,38
2023-03-05 18:25,81,39.70,29,36
2023-03-05 18:25,23,51.84,33,38
2023-03-05 18:20,Автомобилей,"Занятость, %","Ср.скорость, км/ч","85 процентиль, км/ч"
2023-03-05 18:20,17,41.58,34,36
2023-03-05 18:15,16,33.94,35,39
2023-03-05 18:15,25,6.57,31,35
2023-03-05 18:10,30,58.97,34,39
2023-03-05 18:05,46,10.15,32,37
2023-03-05 18:05,27,13.71,32,37
2023-03-05 18:00,45,56.58,17,26
2023-03-05 18:00,21,10.96,34,38
2023-03-05 17:55,83,30.16,28,35
2023-03-05 17:55,20,28.79,33,39
2023-03-05 17:50,Автомобилей,"Занятость, %","Ср.скорость, км/ч","85 процентиль, км/ч"
2023-03-05 17:50,27,10.36,34,39
2023-03-05 17:45,16,10.34,39,43
2023-03-05 17:45,12,3.97,33,41
2023-03-05 17:40,23,28.41,31,33
2023-03-05 17:35,50,14.70,33,38
2023-03-05 17:35,27,19.27,36,40
2023-03-05 17:30,47,55.88,17,26
2023-03-05 17:30,26,12.99,33,38
2023-03-05 17:25,91,42.85,28,36
2023-03-05 17:25,17,38.85,33,38
2023-03-05 17:20,Автомобилей,"Занятость, %","Ср.скорость, км/ч","85 процентиль, км/ч"
2023-03-05 17:20,23,24.05,31,34
2023-03-05 17:15,24,26.16,32,39
2023-03-05 17:15,25,5.92,34,39
2023-03-05 17:10,19,8.60,33,36
2023-03-05 17:05,56,29.24,34,38
2023-03-05 17:05,30,51.91,34,37
2023-03-05 17:00,33,66.92,16,26
2023-03-05 17:00,25,39.42,33,38
2023-03-05 16:55,122,28.67,27,34
2023-03-05 16:55,37,37.53,33,37
2023-03-05 16:50,Автомобилей,"Занятость, %","Ср.скорость, км/ч","85 процентиль, км/ч"
2023-03-05 16:50,32,66.21,33,38
2023-03-05 16:45,30,39.79,33,38
2023-03-05 16:45,29,8.44,33,38
2023-03-05 16:40,33,11.12,34,38
2023-03-05 16:35,37,10.32,34,39
2023-03-05 16:35,18,15.35,35,41
2023-03-05 16:30,37,68.16,18,25
2023-03-05 16:30,23,43.65,32,36
2023-03-05 16:25,106,22.52,28,35
2023-03-05 16:25,36,12.20,34,38
2023-03-05 16:20,Автомобилей,"Занятость, %","Ср.скорость, км/ч","85 процентиль, км/ч"
2023-03-05 16:20,25,53.34,32,36
2023-03-05 16:15,35,14.05,30,33
2023-03-05 16:15,30,8.89,32,36
2023-03-05 16:10,25,10.54,32,36
2023-03-05 16:05,40,8.09,31,36
2023-03-05 16:05,24,10.91,32,36
2023-03-05 16:00,36,51.80,20,30
2023-03-05 16:00,24,48.51,33,37
2023-03-05 15:55,77,28.93,28,35
2023-03-05 15:55,23,36.05,33,39
2023-03-05 15:50,Автомобилей,"Занятость, %","Ср.скорость, км/ч","85 процентиль, км/ч"
2023-03-05 15:50,22,25.67,35,38
2023-03-05 15:45,31,61.23,33,38
2023-03-05 15:45,32,7.77,31,35
2023-03-05 15:40,30,29.81,33,37
2023-03-05 15:35,63,34.75,31,36
2023-03-05 15:35,32,60.44,31,34
2023-03-05 15:30,41,31.54,18,26
2023-03-05 15:30,38,14.25,34,38
2023-03-05 15:25,104,43.32,28,34
2023-03-05 15:25,25,32.55,34,37
2023-03-05 15:20,Автомобилей,"Занятость, %","Ср.скорость, км/ч","85 процентиль, км/ч"
2023-03-05 15:20,32,49.51,33,36
2023-03-05 15:15,25,51.16,36,39
2023-03-05 15:15,47,100.00,31,36
2023-03-05 15:10,41,27.12,33,38
2023-03-05 15:05,51,17.38,31,37
2023-03-05 15:05,30,27.31,34,39
2023-03-05 15:00,41,58.08,21,31
2023-03-05 15:00,32,10.88,34,39
2023-03-05 14:55,111,42.12,29,35
2023-03-05 14:55,38,32.36,34,38
2023-03-05 14:50,Автомобилей,"Занятость, %","Ср.скорость, км/ч","85 процентиль, км/ч"
2023-03-05 14:50,30,30.77,34,38
2023-03-05 14:45,39,29.46,33,38
2023-03-05 14:45,35,9.19,32,36
2023-03-05 14:40,39,12.76,35,39
2023-03-05 14:35,58,21.86,34,38
2023-03-05 14:35,32,36.35,32,36
2023-03-05 14:30,37,27.82,22,34
2023-03-05 14:30,36,20.84,33,38
2023-03-05 14:25,109,34.19,28,33
2023-03-05 14:25,29,30.89,34,38
2023-03-05 14:20,Автомобилей,"Занятость, %","Ср.скорость, км/ч","85 процентиль, км/ч"
2023-03-05 14:20,25,30.21,34,38
2023-03-05 14:15,29,32.53,32,37
2023-03-05 14:15,30,8.73,30,35
2023-03-05 14:10,29,49.59,35,40
2023-03-05 14:05,64,17.36,33,37
2023-03-05 14:05,32,25.70,34,38
2023-03-05 14:00,37,40.76,15,23
2023-03-05 14:00,37,23.91,33,38
2023-03-05 13:55,108,29.22,28,34
2023-03-05 13:55,29,28.33,35,39
2023-03-05 13:50,Автомобилей,"Занятость, %","Ср.скорость, км/ч","85 процентиль, км/ч"
2023-03-05 13:50,26,32.79,36,40
2023-03-05 13:45,25,26.92,35,38
2023-03-05 13:45,28,6.78,32,37
2023-03-05 13:40,28,30.87,36,41
2023-03-05 13:35,46,11.95,33,39
2023-03-05 13:35,23,17.10,35,40
2023-03-05 13:30,42,32.17,19,27
2023-03-05 13:30,22,30.03,29,33
2023-03-05 13:25,103,38.31,25,32
2023-03-05 13:25,28,41.29,26,31
2023-03-05 13:20,Автомобилей,"Занятость, %","Ср.скорость, км/ч","85 процентиль, км/ч"
2023-03-05 13:20,26,26.68,34,40
2023-03-05 13:15,20,22.48,34,38
2023-03-05 13:15,30,7.41,31,37
2023-03-05 13:10,19,9.00,34,39
2023-03-05 13:05,51,22.83,32,37
2023-03-05 13:05,21,38.62,32,37
2023-03-05 13:00,48,73.58,19,28
2023-03-05 13:00,25,33.07,34,39
2023-03-05 12:55,122,36.81,27,32
2023-03-05 12:55,32,31.19,33,36
2023-03-05 12:50,Автомобилей,"Занятость, %","Ср.скорость, км/ч","85 процентиль, км/ч"
2023-03-05 12:50,36,15.73,33,38
2023-03-05 12:45,28,53.64,30,34
2023-03-05 12:45,28,7.25,34,39
2023-03-05 12:40,24,47.81,35,39
2023-03-05 12:35,66,25.25,35,40
2023-03-05 12:35,28,42.50,36,40
2023-03-05 12:30,43,49.10,18,27
2023-03-05 12:30,24,26.81,37,42
2023-03-05 12:25,86,13.40,27,33
2023-03-05 12:25,24,10.48,32,38
2023-03-05 12:20,Автомобилей,"Занятость, %","Ср.скорость, км/ч","85 процентиль, км/ч"
2023-03-05 12:20,23,20.10,34,41
2023-03-05 12:15,29,39.62,35,38
2023-03-05 12:15,29,8.40,33,36
2023-03-05 12:10,35,20.71,35,40
2023-03-05 12:05,70,21.80,32,37
2023-03-05 12:05,33,34.33,32,37
2023-03-05 12:00,42,53.92,17,24
2023-03-05 12:00,37,13.73,35,39
2023-03-05 11:55,93,34.23,30,37
2023-03-05 11:55,30,28.91,35,39
2023-03-05 11:50,Автомобилей,"Занятость, %","Ср.скорость, км/ч","85 процентиль, км/ч"
2023-03-05 11:50,26,43.69,31,36
2023-03-05 11:45,20,31.09,32,37
2023-03-05 11:45,29,7.50,31,36
2023-03-05 11:40,29,17.12,32,36
2023-03-05 11:35,47,17.75,30,36
2023-03-05 11:35,18,26.66,34,37
2023-03-05 11:30,38,26.08,16,21
2023-03-05 11:30,30,23.41,33,38
2023-03-05 11:25,90,26.20,30,35
2023-03-05 11:25,20,35.41,33,37
2023-03-05 11:20,Автомобилей,"Занятость, %","Ср.скорость, км/ч","85 процентиль, км/ч"
2023-03-05 11:20,22,11.85,31,36
2023-03-05 11:15,21,7.96,33,38
2023-03-05 11:15,24,7.02,29,34
2023-03-05 11:10,26,33.26,34,38
2023-03-05 11:05,48,16.53,33,38
2023-03-05 11:05,22,24.76,35,40
2023-03-05 11:00,43,60.35,17,26
2023-03-05 11:00,29,30.96,34,37
2023-03-05 10:55,90,26.38,29,35
2023-03-05 10:55,21,32.68,32,36
2023-03-05 10:50,Автомобилей,"Занятость, %","Ср.скорость, км/ч","85 процентиль, км/ч"
2023-03-05 10:50,33,25.40,34,39
2023-03-05 10:45,22,25.79,37,40
2023-03-05 10:45,18,5.45,33,39
2023-03-05 10:40,21,26.51,32,35
2023-03-05 10:35,51,17.47,34,38
2023-03-05 10:35,21,27.98,34,38
2023-03-05 10:30,37,42.71,18,24
2023-03-05 10:30,20,17.83,32,35
2023-03-05 10:25,79,23.42,28,34
2023-03-05 10:25,20,20.93,34,37
2023-03-05 10:20,Автомобилей,"Занятость, %","Ср.скорость, км/ч","85 процентиль, км/ч"
2023-03-05 10:20,28,30.22,31,37
2023-03-05 10:15,27,22.36,30,36
2023-03-05 10:15,20,6.10,31,35
2023-03-05 10:10,15,24.92,34,38
2023-03-05 10:05,40,15.57,34,39
2023-03-05 10:05,19,25.28,37,41
2023-03-05 10:00,37,23.02,17,25
2023-03-05 10:00,30,11.18,34,39
2023-03-05 09:55,94,30.67,27,34
2023-03-05 09:55,19,22.32,34,37
2023-03-05 09:50,Автомобилей,"Занятость, %","Ср.скорость, км/ч","85 процентиль, км/ч"
2023-03-05 09:50,27,50.29,33,36
2023-03-05 09:45,18,21.36,33,38
2023-03-05 09:45,20,5.56,32,37
2023-03-05 09:40,31,9.81,35,40
2023-03-05 09:35,33,13.43,33,37
2023-03-05 09:35,16,21.80,34,37
2023-03-05 09:30,26,28.14,15,24
2023-03-05 09:30,24,9.40,36,41
2023-03-05 09:25,72,8.95,28,33
2023-03-05 09:25,18,9.03,33,36
2023-03-05 09:20,Автомобилей,"Занятость, %","Ср.скорость, км/ч","85 процентиль, км/ч"
2023-03-05 09:20,24,10.59,35,38
2023-03-05 09:15,17,42.97,35,38
2023-03-05 09:15,23,6.20,32,39
2023-03-05 09:10,11,38.06,34,42
2023-03-05 09:05,41,15.35,32,38
2023-03-05 09:05,26,25.64,31,35
2023-03-05 09:00,20,59.97,17,28
2023-03-05 09:00,11,40.15,35,37
2023-03-05 08:55,60,27.03,26,32
2023-03-05 08:55,18,27.96,32,36
2023-03-05 08:50,Автомобилей,"Занятость, %","Ср.скорость, км/ч","85 процентиль, км/ч"
2023-03-05 08:50,11,17.97,34,40
2023-03-05 08:45,25,16.94,33,38
2023-03-05 08:45,23,6.75,32,37
2023-03-05 08:40,7,4.67,34,41
2023-03-05 08:35,23,5.87,34,39
2023-03-05 08:35,8,8.48,34,40
2023-03-05 08:30,10,31.46,16,32
2023-03-05 08:30,12,8.02,33,35
2023-03-05 08:25,42,26.71,26,32
2023-03-05 08:25,14,33.83,37,42
2023-03-05 08:20,Автомобилей,"Занятость, %","Ср.скорость, км/ч","85 процентиль, км/ч"
2023-03-05 08:20,7,18.57,34,39
2023-03-05 08:15,11,35.91,33,41
2023-03-05 08:15,15,2.65,36,43
2023-03-05 08:10,4,30.06,30,32
2023-03-05 08:05,23,28.37,33,36
2023-03-05 08:05,11,53.56,32,35
2023-03-05 08:00,11,28.40,16,28
2023-03-05 08:00,10,14.66,29,34
2023-03-05 07:55,36,14.42,27,34
2023-03-05 07:55,7,8.17,35,39
2023-03-05 07:50,Автомобилей,"Занятость, %","Ср.скорость, км/ч","85 процентиль, км/ч"
2023-03-05 07:50,9,7.87,36,40
2023-03-05 07:45,10,29.89,33,39
2023-03-05 07:45,20,4.29,34,40
2023-03-05 07:40,4,12.67,33,35
2023-03-05 07:35,21,20.05,33,39
2023-03-05 07:35,9,37.40,32,36
2023-03-05 07:30,12,12.39,24,33
2023-03-05 07:30,8,5.25,35,41
2023-03-05 07:25,20,3.13,28,36
2023-03-05 07:25,5,3.75,34,37
2023-03-05 07:20,Автомобилей,"Занятость, %","Ср.скорость, км/ч","85 процентиль, км/ч"
2023-03-05 07:20,6,17.18,32,35
2023-03-05 07:15,8,2.73,36,36
2023-03-05 07:15,11,2.80,30,38
2023-03-05 07:10,9,4.38,36,43
2023-03-05 07:05,25,3.48,32,37
2023-03-05 07:05,9,3.35,34,40
2023-03-05 07:00,6,18.31,3,3
2023-03-05 07:00,4,11.69,35,37
2023-03-05 06:55,24,5.32,28,32
2023-03-05 06:55,6,3.04,35,37
2023-03-05 06:50,Автомобилей,"Занятость, %","Ср.скорость, км/ч","85 процентиль, км/ч"
2023-03-05 06:50,5,3.64,33,38
2023-03-05 06:45,4,2.13,33,33
2023-03-05 06:45,10,2.13,35,39
2023-03-05 06:40,5,11.30,28,35
2023-03-05 06:35,21,8.88,30,34
2023-03-05 06:35,10,13.87,30,34
2023-03-05 06:30,2,1.11,0,0
2023-03-05 06:30,5,2.57,29,39
2023-03-05 06:25,18,3.09,25,28
2023-03-05 06:25,6,3.16,30,35
2023-03-05 06:20,Автомобилей,"Занятость, %","Ср.скорость, км/ч","85 процентиль, км/ч"
2023-03-05 06:20,4,9.51,30,30
2023-03-05 06:15,2,4.52,30,30
2023-03-05 06:15,3,0.76,40,41
2023-03-05 06:10,6,14.93,30,30
2023-03-05 06:05,6,7.90,17,19
2023-03-05 06:05,0,14.40,0,0
2023-03-05 06:00,3,16.91,0,0
2023-03-05 06:00,2,2.06,39,39
2023-03-05 05:55,12,2.16,36,41
2023-03-05 05:55,2,2.21,38,40
2023-03-05 05:50,Автомобилей,"Занятость, %","Ср.скорость, км/ч","85 процентиль, км/ч"
2023-03-05 05:50,3,1.39,0,0
2023-03-05 05:45,2,1.22,27,27
2023-03-05 05:45,4,1.33,32,39
2023-03-05 05:40,4,6.21,31,33
2023-03-05 05:35,8,1.83,17,19
2023-03-05 05:35,2,1.83,0,0
2023-03-05 05:30,2,1.06,0,0
2023-03-05 05:30,2,1.19,36,36
2023-03-05 05:25,12,5.25,24,25
2023-03-05 05:25,2,6.45,33,33
2023-03-05 05:20,Автомобилей,"Занятость, %","Ср.скорость, км/ч","85 процентиль, км/ч"
2023-03-05 05:20,4,12.36,36,37
2023-03-05 05:15,3,1.61,32,40
2023-03-05 05:15,4,1.43,30,30
2023-03-05 05:10,3,14.93,33,33
2023-03-05 05:05,4,1.11,29,29
2023-03-05 05:05,2,1.19,33,33
2023-03-05 05:00,2,2.44,23,23
2023-03-05 05:00,0,1.22,0,0
2023-03-05 04:55,12,18.81,15,21
2023-03-05 04:55,1,27.21,0,0
2023-03-05 04:50,Автомобилей,"Занятость, %","Ср.скорость, км/ч","85 процентиль, км/ч"
2023-03-05 04:50,2,16.46,0,0
2023-03-05 04:45,3,2.08,35,35
2023-03-05 04:45,5,1.59,26,28
2023-03-05 04:40,4,1.43,30,35
2023-03-05 04:35,2,2.03,12,12
2023-03-05 04:35,0,3.57,0,0
2023-03-05 04:30,5,10.61,5,5
2023-03-05 04:30,0,1.34,0,0
2023-03-05 04:25,5,0.89,0,0
2023-03-05 04:25,2,0.90,0,0
2023-03-05 04:20,Автомобилей,"Занятость, %","Ср.скорость, км/ч","85 процентиль, км/ч"
2023-03-05 04:20,1,2.78,0,0
2023-03-05 04:15,3,23.11,28,40
2023-03-05 04:15,0,0.53,0,0
2023-03-05 04:10,2,0.89,40,40
2023-03-05 04:05,4,0.88,16,19
2023-03-05 04:05,0,0.82,0,0
2023-03-05 04:00,3,17.42,16,18
2023-03-05 04:00,0,2.26,0,0
2023-03-05 03:55,12,33.91,19,19
2023-03-05 03:55,3,6.38,26,26
2023-03-05 03:50,Автомобилей,"Занятость, %","Ср.скорость, км/ч","85 процентиль, км/ч"
2023-03-05 03:50,3,0.96,33,33
2023-03-05 03:45,1,6.30,28,28
2023-03-05 03:45,4,97.53,28,28
2023-03-05 03:40,0,3.42,0,0
2023-03-05 03:35,11,51.05,30,33
2023-03-05 03:35,4,6.88,28,32
2023-03-05 03:30,4,12.24,17,17
2023-03-05 03:30,4,2.44,0,0
2023-03-05 03:25,10,35.32,28,30
2023-03-05 03:25,2,1.75,32,38
2023-03-05 03:20,Автомобилей,"Занятость, %","Ср.скорость, км/ч","85 процентиль, км/ч"
2023-03-05 03:20,3,5.83,29,31
2023-03-05 03:15,2,15.26,26,33
2023-03-05 03:15,4,1.42,26,26
2023-03-05 03:10,1,0.30,0,0
2023-03-05 03:05,6,3.28,25,28
2023-03-05 03:05,3,5.34,25,25
2023-03-05 03:00,5,7.40,4,4
2023-03-05 03:00,2,6.15,0,0
2023-03-05 02:55,10,5.91,22,22
2023-03-05 02:55,2,7.70,0,0
2023-03-05 02:50,Автомобилей,"Занятость, %","Ср.скорость, км/ч","85 процентиль, км/ч"
2023-03-05 02:50,5,1.74,34,43
2023-03-05 02:45,4,2.60,35,36
2023-03-05 02:45,8,3.36,26,35
2023-03-05 02:40,4,3.44,36,37
2023-03-05 02:35,8,2.06,32,35
2023-03-05 02:35,2,2.29,36,36
2023-03-05 02:30,3,0.83,0,0
2023-03-05 02:30,3,1.30,33,33
2023-03-05 02:25,9,5.16,12,14
2023-03-05 02:25,1,4.40,0,0
2023-03-05 02:20,Автомобилей,"Занятость, %","Ср.скорость, км/ч","85 процентиль, км/ч"
2023-03-05 02:20,4,2.38,33,42
2023-03-05 02:15,6,14.98,33,36
2023-03-05 02:15,11,3.63,29,34
2023-03-05 02:10,3,12.32,33,36
2023-03-05 02:05,8,2.27,16,19
2023-03-05 02:05,1,2.67,0,0
2023-03-05 02:00,7,25.85,10,17
2023-03-05 02:00,4,13.59,29,31
2023-03-05 01:55,16,3.22,24,27
2023-03-05 01:55,3,1.76,38,38
2023-03-05 01:50,Автомобилей,"Занятость, %","Ср.скорость, км/ч","85 процентиль, км/ч"
2023-03-05 01:50,5,31.20,28,34
2023-03-05 01:45,5,24.03,28,32
2023-03-05 01:45,4,1.80,43,46
2023-03-05 01:40,5,11.41,24,24
2023-03-05 01:35,18,9.99,32,37
2023-03-05 01:35,5,16.69,30,35
2023-03-05 01:30,6,28.11,14,24
2023-03-05 01:30,6,20.32,32,37
2023-03-05 01:25,13,9.31,24,26
2023-03-05 01:25,1,9.67,30,30
2023-03-05 01:20,Автомобилей,"Занятость, %","Ср.скорость, км/ч","85 процентиль, км/ч"
2023-03-05 01:20,2,7.88,26,26
2023-03-05 01:15,6,19.77,28,30
2023-03-05 01:15,5,1.69,30,35
2023-03-05 01:10,6,38.87,35,40
2023-03-05 01:05,11,22.27,34,40
2023-03-05 01:05,5,43.09,33,37
2023-03-05 01:00,10,15.56,30,48
2023-03-05 01:00,2,14.33,32,32
2023-03-05 00:55,21,26.19,30,36
2023-03-05 00:55,2,4.70,36,36
2023-03-05 00:50,Автомобилей,"Занятость, %","Ср.скорость, км/ч","85 процентиль, км/ч"
2023-03-05 00:50,4,26.06,34,37
2023-03-05 00:45,2,3.64,36,36
2023-03-05 00:45,6,1.17,40,40
2023-03-05 00:40,4,13.56,27,28
2023-03-05 00:35,9,10.95,16,19
2023-03-05 00:35,3,20.13,0,0
2023-03-05 00:30,5,6.97,15,26
2023-03-05 00:30,3,2.79,34,36
2023-03-05 00:25,19,22.03,14,18
2023-03-05 00:25,1,21.91,0,0
2023-03-05 00:20,Автомобилей,"Занятость, %","Ср.скорость, км/ч","85 процентиль, км/ч"
2023-03-05 00:20,1,10.93,33,33
2023-03-05 00:15,4,4.73,0,0
2023-03-05 00:15,6,3.19,18,25
2023-03-05 00:10,2,22.60,29,30
2023-03-05 00:05,10,12.63,30,37
2023-03-05 00:05,4,23.28,28,34
2023-03-05 00:00,9,21.96,22,32
2023-03-05 00:00,7,11.65,34,42
2023-03-04 23:55,23,19.83,29,36
2023-03-04 23:55,6,15.78,36,36
2023-03-04 23:50,Автомобилей,"Занятость, %","Ср.скорость, км/ч","85 процентиль, км/ч"
2023-03-04 23:50,5,15.01,36,36
2023-03-04 23:45,6,4.99,34,39
2023-03-04 23:45,9,2.25,32,38
2023-03-04 23:40,4,29.31,0,0
2023-03-04 23:35,14,9.72,33,40
2023-03-04 23:35,3,16.78,35,45
2023-03-04 23:30,19,17.44,15,27
2023-03-04 23:30,4,14.14,33,39
2023-03-04 23:25,39,14.35,26,30
2023-03-04 23:25,4,14.73,29,29
2023-03-04 23:20,Автомобилей,"Занятость, %","Ср.скорость, км/ч","85 процентиль, км/ч"
2023-03-04 23:20,8,29.00,30,30
2023-03-04 23:15,10,15.16,30,34
2023-03-04 23:15,9,3.12,28,32
2023-03-04 23:10,13,36.50,28,32
2023-03-04 23:05,27,12.48,30,36
2023-03-04 23:05,13,20.68,30,33
2023-03-04 23:00,18,27.61,20,28
2023-03-04 23:00,7,25.69,32,35
2023-03-04 22:55,46,6.02,27,33
2023-03-04 22:55,20,6.28,32,38
2023-03-04 22:50,Автомобилей,"Занятость, %","Ср.скорость, км/ч","85 процентиль, км/ч"
2023-03-04 22:50,15,24.88,29,34
2023-03-04 22:45,9,10.94,34,42
2023-03-04 22:45,15,4.05,30,34
2023-03-04 22:40,11,15.73,33,38
2023-03-04 22:35,22,12.02,33,37
2023-03-04 22:35,10,19.89,37,39
2023-03-04 22:30,14,29.32,19,30
2023-03-04 22:30,11,18.59,30,32
2023-03-04 22:25,32,15.59,31,39
2023-03-04 22:25,9,21.78,34,37
2023-03-04 22:20,Автомобилей,"Занятость, %","Ср.скорость, км/ч","85 процентиль, км/ч"
2023-03-04 22:20,9,18.88,34,41
2023-03-04 22:15,19,9.45,32,36
2023-03-04 22:15,12,5.15,33,37
2023-03-04 22:10,21,9.28,31,36
2023-03-04 22:05,20,5.98,27,31
2023-03-04 22:05,13,8.79,33,38
2023-03-04 22:00,23,52.89,18,31
2023-03-04 22:00,15,47.37,32,36
2023-03-04 21:55,66,24.12,27,33
2023-03-04 21:55,18,30.36,32,35
2023-03-04 21:50,Автомобилей,"Занятость, %","Ср.скорость, км/ч","85 процентиль, км/ч"
2023-03-04 21:50,16,22.50,32,37
2023-03-04 21:45,11,25.34,29,32
2023-03-04 21:45,13,3.24,32,35
2023-03-04 21:40,20,26.37,33,37
2023-03-04 21:35,34,11.74,33,38
2023-03-04 21:35,18,18.78,34,37
2023-03-04 21:30,24,15.59,28,41
2023-03-04 21:30,10,8.60,32,37
2023-03-04 21:25,51,14.81,28,34
2023-03-04 21:25,17,12.95,31,34
2023-03-04 21:20,Автомобилей,"Занятость, %","Ср.скорость, км/ч","85 процентиль, км/ч"
2023-03-04 21:20,10,16.13,31,39
2023-03-04 21:15,9,57.59,30,33
2023-03-04 21:15,11,4.64,33,38
2023-03-04 21:10,19,41.21,31,37
2023-03-04 21:05,45,25.59,35,40
2023-03-04 21:05,25,43.55,35,38
2023-03-04 21:00,27,41.09,16,25
2023-03-04 21:00,21,11.94,30,34
2023-03-04 20:55,72,27.55,27,35
2023-03-04 20:55,20,25.19,33,43
2023-03-04 20:50,Автомобилей,"Занятость, %","Ср.скорость, км/ч","85 процентиль, км/ч"
2023-03-04 20:50,11,11.86,30,34
2023-03-04 20:45,18,32.28,33,39
2023-03-04 20:45,31,14.26,30,34
2023-03-04 20:40,17,35.86,36,39
2023-03-04 20:35,38,13.32,30,34
2023-03-04 20:35,18,21.38,31,35
2023-03-04 20:30,33,50.14,20,26
2023-03-04 20:30,22,42.98,34,39
2023-03-04 20:25,75,36.47,27,34
2023-03-04 20:25,19,44.58,34,39
2023-03-04 20:20,Автомобилей,"Занятость, %","Ср.скорость, км/ч","85 процентиль, км/ч"
2023-03-04 20:20,20,33.90,33,38
2023-03-04 20:15,22,41.73,29,33
2023-03-04 20:15,19,5.61,32,47
2023-03-04 20:10,17,11.37,31,38
2023-03-04 20:05,46,17.81,31,35
2023-03-04 20:05,22,28.34,30,34
2023-03-04 20:00,78,51.96,25,33
2023-03-04 20:00,15,35.12,30,34
2023-03-04 19:55,83,30.21,25,32
2023-03-04 19:55,29,40.34,29,37
2023-03-04 19:50,Автомобилей,"Занятость, %","Ср.скорость, км/ч","85 процентиль, км/ч"
2023-03-04 19:50,16,21.44,35,38
2023-03-04 19:45,26,30.55,31,38
2023-03-04 19:45,27,8.23,32,40
2023-03-04 19:40,28,60.80,30,33
2023-03-04 19:35,49,22.32,31,35
2023-03-04 19:35,21,35.88,33,37
2023-03-04 19:30,26,36.60,17,25
2023-03-04 19:30,18,11.34,31,35
2023-03-04 19:25,66,27.52,30,37
2023-03-04 19:25,16,24.04,36,42
2023-03-04 19:20,Автомобилей,"Занятость, %","Ср.скорость, км/ч","85 процентиль, км/ч"
2023-03-04 19:20,19,70.10,33,42
2023-03-04 19:15,24,39.56,30,34
2023-03-04 19:15,29,68.86,29,33
2023-03-04 19:10,12,19.99,35,43
2023-03-04 19:05,40,69.99,33,39
2023-03-04 19:05,23,42.85,32,39
2023-03-04 19:00,46,70.66,18,26
2023-03-04 19:00,15,29.44,31,37
2023-03-04 18:55,84,63.13,29,37
2023-03-04 18:55,21,35.15,34,38
2023-03-04 18:50,Автомобилей,"Занятость, %","Ср.скорость, км/ч","85 процентиль, км/ч"
2023-03-04 18:50,20,32.45,32,35
2023-03-04 18:45,27,25.92,34,40
2023-03-04 18:45,26,88.35,32,37
2023-03-04 18:40,19,45.63,31,35
2023-03-04 18:35,68,27.25,31,35
2023-03-04 18:35,33,43.51,32,36
2023-03-04 18:30,24,33.29,15,23
2023-03-04 18:30,36,23.48,33,38
2023-03-04 18:25,100,22.68,29,35
2023-03-04 18:25,15,9.97,33,37
2023-03-04 18:20,Автомобилей,"Занятость, %","Ср.скорость, км/ч","85 процентиль, км/ч"
2023-03-04 18:20,25,52.91,31,35
2023-03-04 18:15,18,45.19,34,39
2023-03-04 18:15,23,6.36,31,36
2023-03-04 18:10,29,12.61,30,35
2023-03-04 18:05,49,17.26,34,39
2023-03-04 18:05,20,27.92,35,39
2023-03-04 18:00,38,54.89,17,25
2023-03-04 18:00,29,30.55,31,35
2023-03-04 17:55,113,22.89,29,36
2023-03-04 17:55,31,26.87,35,39
2023-03-04 17:50,Автомобилей,"Занятость, %","Ср.скорость, км/ч","85 процентиль, км/ч"
2023-03-04 17:50,31,10.47,33,38
2023-03-04 17:45,13,49.91,32,37
2023-03-04 17:45,13,4.49,31,38
2023-03-04 17:40,29,51.85,32,35
2023-03-04 17:35,51,30.12,33,36
2023-03-04 17:35,26,52.68,33,36
2023-03-04 17:30,49,54.67,19,30
2023-03-04 17:30,20,31.80,33,41
2023-03-04 17:25,110,40.54,27,32
2023-03-04 17:25,30,49.48,34,37
2023-03-04 17:20,Автомобилей,"Занятость, %","Ср.скорость, км/ч","85 процентиль, км/ч"
2023-03-04 17:20,33,28.08,33,37
2023-03-04 17:15,27,11.32,34,37
2023-03-04 17:15,31,7.41,32,37
2023-03-04 17:10,18,13.80,35,38
2023-03-04 17:05,60,17.45,32,38
2023-03-04 17:05,26,25.72,32,40
2023-03-04 17:00,41,46.98,18,30
2023-03-04 17:00,26,11.68,35,41
2023-03-04 16:55,105,32.88,27,33
2023-03-04 16:55,35,41.83,33,38
2023-03-04 16:50,Автомобилей,"Занятость, %","Ср.скорость, км/ч","85 процентиль, км/ч"
2023-03-04 16:50,27,23.18,32,36
2023-03-04 16:45,25,23.45,32,36
2023-03-04 16:45,24,8.88,31,35
2023-03-04 16:40,24,17.73,33,38
2023-03-04 16:35,40,17.66,33,39
2023-03-04 16:35,17,29.08,33,40
2023-03-04 16:30,46,52.58,20,30
2023-03-04 16:30,21,29.90,34,39
2023-03-04 16:25,111,33.26,28,35
2023-03-04 16:25,31,33.30,35,38
2023-03-04 16:20,Автомобилей,"Занятость, %","Ср.скорость, км/ч","85 процентиль, км/ч"
2023-03-04 16:20,30,37.96,33,39
2023-03-04 16:15,31,56.45,34,37
2023-03-04 16:15,38,9.35,31,37
2023-03-04 16:10,36,32.34,34,38
2023-03-04 16:05,63,25.06,32,37
2023-03-04 16:05,34,41.50,34,40
2023-03-04 16:00,44,55.42,20,28
2023-03-04 16:00,23,50.26,34,38
2023-03-04 15:55,94,36.57,27,33
2023-03-04 15:55,26,32.45,35,41
2023-03-04 15:50,Автомобилей,"Занятость, %","Ср.скорость, км/ч","85 процентиль, км/ч"
2023-03-04 15:50,29,14.51,34,37
2023-03-04 15:45,25,46.44,30,36
2023-03-04 15:45,28,6.21,33,38
2023-03-04 15:40,22,46.85,34,39
2023-03-04 15:35,58,17.76,32,36
2023-03-04 15:35,30,26.93,32,36
2023-03-04 15:30,42,42.28,17,25
2023-03-04 15:30,30,30.44,33,37
2023-03-04 15:25,98,31.18,27,32
2023-03-04 15:25,25,29.96,34,37
2023-03-04 15:20,Автомобилей,"Занятость, %","Ср.скорость, км/ч","85 процентиль, км/ч"
2023-03-04 15:20,30,62.05,32,35
2023-03-04 15:15,33,24.04,32,36
2023-03-04 15:15,35,8.55,35,39
2023-03-04 15:10,39,23.20,32,35
2023-03-04 15:05,57,57.33,30,35
2023-03-04 15:05,28,58.11,30,34
2023-03-04 15:00,56,61.19,18,26
2023-03-04 15:00,38,13.32,34,37
2023-03-04 14:55,89,63.98,26,31
2023-03-04 14:55,15,30.44,31,33
2023-03-04 14:50,Автомобилей,"Занятость, %","Ср.скорость, км/ч","85 процентиль, км/ч"
2023-03-04 14:50,30,30.20,35,38
2023-03-04 14:45,30,11.26,32,37
2023-03-04 14:45,26,74.27,30,35
2023-03-04 14:40,35,47.76,32,35
2023-03-04 14:35,81,59.43,32,37
2023-03-04 14:35,45,53.53,33,37
2023-03-04 14:30,53,27.70,18,26
2023-03-04 14:30,35,20.31,35,38
2023-03-04 14:25,133,38.51,28,32
2023-03-04 14:25,43,48.60,34,37
2023-03-04 14:20,Автомобилей,"Занятость, %","Ср.скорость, км/ч","85 процентиль, км/ч"
2023-03-04 14:20,43,23.69,32,37
2023-03-04 14:15,29,10.76,32,37
2023-03-04 14:15,27,8.59,33,37
2023-03-04 14:10,34,27.27,31,34
2023-03-04 14:05,64,21.16,32,37
2023-03-04 14:05,29,33.04,32,35
2023-03-04 14:00,49,51.53,17,23
2023-03-04 14:00,29,13.35,32,36
2023-03-04 13:55,84,19.55,30,35
2023-03-04 13:55,13,20.12,35,39
2023-03-04 13:50,Автомобилей,"Занятость, %","Ср.скорость, км/ч","85 процентиль, км/ч"
2023-03-04 13:50,33,35.11,33,37
2023-03-04 13:45,29,33.44,32,37
2023-03-04 13:45,36,8.75,32,39
2023-03-04 13:40,19,26.68,33,37
2023-03-04 13:35,44,8.93,33,38
2023-03-04 13:35,24,11.23,31,37
2023-03-04 13:30,52,49.92,17,26
2023-03-04 13:30,35,25.33,29,32
2023-03-04 13:25,114,29.42,28,34
2023-03-04 13:25,36,11.95,34,39
2023-03-04 13:20,Автомобилей,"Занятость, %","Ср.скорость, км/ч","85 процентиль, км/ч"
2023-03-04 13:20,46,30.79,33,38
2023-03-04 13:15,35,45.95,32,36
2023-03-04 13:15,34,9.35,31,36
2023-03-04 13:10,33,52.06,33,37
2023-03-04 13:05,57,24.47,30,34
2023-03-04 13:05,27,31.38,30,36
2023-03-04 13:00,42,76.12,16,24
2023-03-04 13:00,37,37.99,31,35
2023-03-04 12:55,99,40.64,26,30
2023-03-04 12:55,24,38.15,32,36
2023-03-04 12:50,Автомобилей,"Занятость, %","Ср.скорость, км/ч","85 процентиль, км/ч"
2023-03-04 12:50,40,37.70,31,35
2023-03-04 12:45,29,12.02,30,35
2023-03-04 12:45,24,7.46,30,36
2023-03-04 12:40,38,22.37,33,36
2023-03-04 12:35,67,10.55,32,36
2023-03-04 12:35,34,12.44,34,37
2023-03-04 12:30,43,38.51,19,27
2023-03-04 12:30,40,30.94,34,39
2023-03-04 12:25,111,40.73,26,32
2023-03-04 12:25,33,39.58,30,34
2023-03-04 12:20,Автомобилей,"Занятость, %","Ср.скорость, км/ч","85 процентиль, км/ч"
2023-03-04 12:20,38,13.95,33,36
2023-03-04 12:15,33,54.30,32,37
2023-03-04 12:15,33,10.46,31,35
2023-03-04 12:10,34,50.15,32,37
2023-03-04 12:05,70,24.99,31,35
2023-03-04 12:05,31,38.71,32,35
2023-03-04 12:00,42,62.38,16,22
2023-03-04 12:00,27,30.17,33,37
2023-03-04 11:55,94,21.90,28,34
2023-03-04 11:55,22,24.51,33,38
2023-03-04 11:50,Автомобилей,"Занятость, %","Ср.скорость, км/ч","85 процентиль, км/ч"
2023-03-04 11:50,26,31.45,30,34
2023-03-04 11:45,32,12.70,30,34
2023-03-04 11:45,26,7.72,32,35
2023-03-04 11:40,29,53.15,34,37
2023-03-04 11:35,71,22.12,31,35
2023-03-04 11:35,35,34.18,32,37
2023-03-04 11:30,51,72.59,16,23
2023-03-04 11:30,28,15.70,34,39
2023-03-04 11:25,106,43.85,28,33
2023-03-04 11:25,34,49.26,34,39
2023-03-04 11:20,Автомобилей,"Занятость, %","Ср.скорость, км/ч","85 процентиль, км/ч"
2023-03-04 11:20,34,53.71,34,39
2023-03-04 11:15,22,52.87,33,39
2023-03-04 11:15,24,7.43,30,36
2023-03-04 11:10,22,33.20,34,38
2023-03-04 11:05,71,34.18,31,35
2023-03-04 11:05,40,58.04,32,37
2023-03-04 11:00,50,42.04,17,26
2023-03-04 11:00,23,11.42,32,36
2023-03-04 10:55,107,22.87,28,34
2023-03-04 10:55,31,14.35,34,38
2023-03-04 10:50,Автомобилей,"Занятость, %","Ср.скорость, км/ч","85 процентиль, км/ч"
2023-03-04 10:50,27,46.74,34,39
2023-03-04 10:45,28,11.51,32,37
2023-03-04 10:45,28,7.17,29,35
2023-03-04 10:40,31,52.59,33,37
2023-03-04 10:35,58,10.19,32,37
2023-03-04 10:35,26,12.09,33,37
2023-03-04 10:30,37,29.99,18,25
2023-03-04 10:30,38,13.36,32,37
2023-03-04 10:25,108,26.16,27,33
2023-03-04 10:25,29,29.64,33,38
2023-03-04 10:20,Автомобилей,"Занятость, %","Ср.скорость, км/ч","85 процентиль, км/ч"
2023-03-04 10:20,32,64.74,33,37
2023-03-04 10:15,33,46.71,33,38
2023-03-04 10:15,32,9.38,30,35
2023-03-04 10:10,29,14.66,34,37
2023-03-04 10:05,39,19.22,32,38
2023-03-04 10:05,19,32.50,32,37
2023-03-04 10:00,36,28.39,17,27
2023-03-04 10:00,31,17.76,31,41
2023-03-04 09:55,94,31.76,26,31
2023-03-04 09:55,26,31.08,31,35
2023-03-04 09:50,Автомобилей,"Занятость, %","Ср.скорость, км/ч","85 процентиль, км/ч"
2023-03-04 09:50,41,32.95,34,37
2023-03-04 09:45,20,52.22,32,36
2023-03-04 09:45,22,6.66,28,38
2023-03-04 09:40,40,26.11,34,39
2023-03-04 09:35,43,16.49,32,38
2023-03-04 09:35,22,26.24,32,37
2023-03-04 09:30,32,50.77,20,31
2023-03-04 09:30,29,38.11,35,38
2023-03-04 09:25,95,33.86,30,36
2023-03-04 09:25,27,44.06,34,40
2023-03-04 09:20,Автомобилей,"Занятость, %","Ср.скорость, км/ч","85 процентиль, км/ч"
2023-03-04 09:20,21,10.13,35,39
2023-03-04 09:15,22,40.36,31,35
2023-03-04 09:15,21,6.46,32,36
2023-03-04 09:10,21,23.16,36,39
2023-03-04 09:05,45,26.53,30,34
2023-03-04 09:05,23,46.66,30,33
2023-03-04 09:00,30,61.27,13,22
2023-03-04 09:00,30,27.45,34,38
2023-03-04 08:55,82,36.61,26,32
2023-03-04 08:55,27,41.75,32,35
2023-03-04 08:50,Автомобилей,"Занятость, %","Ср.скорость, км/ч","85 процентиль, км/ч"
2023-03-04 08:50,25,28.98,32,35
2023-03-04 08:45,32,39.27,30,33
2023-03-04 08:45,42,10.58,31,35
2023-03-04 08:40,25,16.91,34,37
2023-03-04 08:35,54,57.56,34,40
2023-03-04 08:35,21,29.30,36,44
2023-03-04 08:30,20,58.48,23,32
2023-03-04 08:30,18,19.80,31,35
2023-03-04 08:25,71,63.41,27,32
2023-03-04 08:25,19,44.56,32,37
2023-03-04 08:20,Автомобилей,"Занятость, %","Ср.скорость, км/ч","85 процентиль, км/ч"
2023-03-04 08:20,12,8.27,33,37
2023-03-04 08:15,21,30.86,36,40
2023-03-04 08:15,28,99.09,31,35
2023-03-04 08:10,11,28.94,31,37
2023-03-04 08:05,57,54.06,33,37
2023-03-04 08:05,26,26.24,34,37
2023-03-04 08:00,19,26.98,22,33
2023-03-04 08:00,15,23.85,34,40
2023-03-04 07:55,61,29.93,27,34
2023-03-04 07:55,18,36.71,35,39
2023-03-04 07:50,Автомобилей,"Занятость, %","Ср.скорость, км/ч","85 процентиль, км/ч"
2023-03-04 07:50,11,6.44,35,38
2023-03-04 07:45,21,8.07,33,36
2023-03-04 07:45,24,6.47,30,34
2023-03-04 07:40,17,11.63,33,36
2023-03-04 07:35,41,7.39,30,38
2023-03-04 07:35,12,8.39,29,38
2023-03-04 07:30,19,21.09,21,33
2023-03-04 07:30,13,14.14,31,35
2023-03-04 07:25,45,35.27,25,32
2023-03-04 07:25,16,50.17,37,45
2023-03-04 07:20,Автомобилей,"Занятость, %","Ср.скорость, км/ч","85 процентиль, км/ч"
2023-03-04 07:20,12,18.63,35,40
2023-03-04 07:15,13,39.85,31,38
2023-03-04 07:15,15,4.46,34,41
2023-03-04 07:10,12,23.33,32,36
2023-03-04 07:05,18,4.88,32,34
2023-03-04 07:05,7,6.69,36,36
2023-03-04 07:00,16,33.35,13,21
2023-03-04 07:00,12,9.48,33,37
2023-03-04 06:55,48,18.09,27,33
2023-03-04 06:55,15,13.91,30,34
2023-03-04 06:50,Автомобилей,"Занятость, %","Ср.скорость, км/ч","85 процентиль, км/ч"
2023-03-04 06:50,9,13.50,34,37
2023-03-04 06:45,8,40.05,29,33
2023-03-04 06:45,13,4.16,31,37
2023-03-04 06:40,5,2.54,33,38
2023-03-04 06:35,27,4.18,32,34
2023-03-04 06:35,8,4.01,34,37
2023-03-04 06:30,6,14.57,14,26
2023-03-04 06:30,12,9.70,33,36
2023-03-04 06:25,29,2.88,26,29
2023-03-04 06:25,11,3.21,33,38
2023-03-04 06:20,Автомобилей,"Занятость, %","Ср.скорость, км/ч","85 процентиль, км/ч"
2023-03-04 06:20,8,18.89,31,36
2023-03-04 06:15,6,15.21,33,38
2023-03-04 06:15,12,3.62,32,36
2023-03-04 06:10,2,20.77,0,0
2023-03-04 06:05,9,11.66,32,37
2023-03-04 06:05,3,21.41,30,30
2023-03-04 06:00,4,8.44,26,46
2023-03-04 06:00,2,7.71,34,37
2023-03-04 05:55,19,3.20,26,36
2023-03-04 05:55,5,3.59,33,42
2023-03-04 05:50,Автомобилей,"Занятость, %","Ср.скорость, км/ч","85 процентиль, км/ч"
2023-03-04 05:50,2,8.85,32,32
2023-03-04 05:45,6,2.86,30,34
2023-03-04 05:45,9,3.42,30,37
2023-03-04 05:40,2,3.16,33,33
2023-03-04 05:35,4,3.48,27,27
2023-03-04 05:35,1,5.84,24,24
2023-03-04 05:30,6,13.98,16,31
2023-03-04 05:30,2,10.40,0,0
2023-03-04 05:25,13,17.13,26,32
2023-03-04 05:25,3,23.24,36,36
2023-03-04 05:20,Автомобилей,"Занятость, %","Ср.скорость, км/ч","85 процентиль, км/ч"
2023-03-04 05:20,4,10.10,33,38
2023-03-04 05:15,4,1.41,0,0
2023-03-04 05:15,7,2.61,26,31
2023-03-04 05:10,2,1.20,30,30
2023-03-04 05:05,6,1.57,17,18
2023-03-04 05:05,1,1.65,0,0
2023-03-04 05:00,2,1.65,23,39
2023-03-04 05:00,1,1.03,0,0
2023-03-04 04:55,6,16.30,12,15
2023-03-04 04:55,0,23.60,0,0
2023-03-04 04:50,Автомобилей,"Занятость, %","Ср.скорость, км/ч","85 процентиль, км/ч"
2023-03-04 04:50,3,33.16,22,22
2023-03-04 04:45,2,0.82,36,36
2023-03-04 04:45,6,1.39,32,44
2023-03-04 04:40,1,1.37,0,0
2023-03-04 04:35,8,0.86,18,18
2023-03-04 04:35,4,0.70,0,0
2023-03-04 04:30,1,0.17,33,33
2023-03-04 04:30,0,0.96,0,0
2023-03-04 04:25,6,0.81,19,22
2023-03-04 04:25,0,0.94,0,0
2023-03-04 04:20,Автомобилей,"Занятость, %","Ср.скорость, км/ч","85 процентиль, км/ч"
2023-03-04 04:20,1,0.75,33,33
2023-03-04 04:15,3,18.29,37,42
2023-03-04 04:15,3,1.18,28,28
2023-03-04 04:10,1,1.25,33,33
2023-03-04 04:05,5,0.91,17,20
2023-03-04 04:05,1,0.93,0,0
2023-03-04 04:00,5,8.06,25,37
2023-03-04 04:00,1,3.49,0,0
2023-03-04 03:55,13,4.31,16,23
2023-03-04 03:55,0,5.06,0,0
2023-03-04 03:50,Автомобилей,"Занятость, %","Ср.скорость, км/ч","85 процентиль, км/ч"
2023-03-04 03:50,3,36.13,30,30
2023-03-04 03:45,1,10.07,0,0
2023-03-04 03:45,5,1.26,28,36
2023-03-04 03:40,3,12.53,26,26
2023-03-04 03:35,9,2.74,33,35
2023-03-04 03:35,3,3.90,35,35
2023-03-04 03:30,7,3.92,29,42
2023-03-04 03:30,3,3.38,36,36
2023-03-04 03:25,11,9.99,14,18
2023-03-04 03:25,1,7.25,26,26
2023-03-04 03:20,Автомобилей,"Занятость, %","Ср.скорость, км/ч","85 процентиль, км/ч"
2023-03-04 03:20,0,17.29,0,0
2023-03-04 03:15,1,11.26,0,0
2023-03-04 03:15,2,0.37,32,32
2023-03-04 03:10,0,6.18,0,0
2023-03-04 03:05,4,5.19,30,34
2023-03-04 03:05,1,9.47,32,32
2023-03-04 03:00,3,8.50,19,20
2023-03-04 03:00,0,1.19,0,0
2023-03-04 02:55,10,8.17,14,16
2023-03-04 02:55,4,11.64,29,34
2023-03-04 02:50,Автомобилей,"Занятость, %","Ср.скорость, км/ч","85 процентиль, км/ч"
2023-03-04 02:50,2,20.25,30,34
2023-03-04 02:45,4,21.15,32,35
2023-03-04 02:45,7,2.39,32,36
2023-03-04 02:40,3,6.19,29,30
2023-03-04 02:35,9,2.97,30,32
2023-03-04 02:35,3,4.67,24,24
2023-03-04 02:30,5,23.09,17,30
2023-03-04 02:30,6,18.10,30,30
2023-03-04 02:25,15,14.41,28,35
2023-03-04 02:25,2,8.89,33,37
2023-03-04 02:20,Автомобилей,"Занятость, %","Ср.скорость, км/ч","85 процентиль, км/ч"
2023-03-04 02:20,2,7.49,26,26
2023-03-04 02:15,3,15.89,28,28
2023-03-04 02:15,8,1.71,32,36
2023-03-04 02:10,3,2.56,35,35
2023-03-04 02:05,8,4.81,35,39
2023-03-04 02:05,4,7.86,38,41
2023-03-04 02:00,6,30.61,11,19
2023-03-04 02:00,1,26.84,0,0
2023-03-04 01:55,20,14.13,23,33
2023-03-04 01:55,4,15.96,31,39
2023-03-04 01:50,Автомобилей,"Занятость, %","Ср.скорость, км/ч","85 процентиль, км/ч"
2023-03-04 01:50,4,2.57,33,37
2023-03-04 01:45,3,17.32,35,43
2023-03-04 01:45,9,2.27,32,42
2023-03-04 01:40,4,10.33,31,35
2023-03-04 01:35,12,6.91,33,39
2023-03-04 01:35,3,11.50,32,38
2023-03-04 01:30,3,3.93,24,43
2023-03-04 01:30,2,3.67,36,42
2023-03-04 01:25,15,6.98,19,23
2023-03-04 01:25,4,8.91,35,35
2023-03-04 01:20,Автомобилей,"Занятость, %","Ср.скорость, км/ч","85 процентиль, км/ч"
2023-03-04 01:20,2,17.13,31,33
2023-03-04 01:15,1,6.44,0,0
2023-03-04 01:15,2,0.68,0,0
2023-03-04 01:10,4,8.02,34,38
2023-03-04 01:05,13,8.85,36,46
2023-03-04 01:05,8,15.95,32,38
2023-03-04 01:00,8,31.34,22,31
2023-03-04 01:00,5,20.83,36,44
2023-03-04 00:55,21,6.30,25,30
2023-03-04 00:55,1,4.22,36,36
2023-03-04 00:50,Автомобилей,"Занятость, %","Ср.скорость, км/ч","85 процентиль, км/ч"
2023-03-04 00:50,5,12.90,28,28
2023-03-04 00:45,6,12.54,34,36
2023-03-04 00:45,4,1.68,29,34
2023-03-04 00:40,3,13.28,0,0
2023-03-04 00:35,16,2.34,33,34
2023-03-04 00:35,9,2.42,33,33
2023-03-04 00:30,9,24.67,14,31
2023-03-04 00:30,4,14.10,35,35
2023-03-04 00:25,22,6.30,25,28
2023-03-04 00:25,4,7.07,30,30
2023-03-04 00:20,Автомобилей,"Занятость, %","Ср.скорость, км/ч","85 процентиль, км/ч"
2023-03-04 00:20,5,3.34,30,37
2023-03-04 00:15,5,13.79,29,33
2023-03-04 00:15,12,3.53,25,31
2023-03-04 00:10,7,31.24,31,33
2023-03-04 00:05,15,4.20,30,33
2023-03-04 00:05,4,5.59,28,30
2023-03-04 00:00,17,28.55,18,33
2023-03-04 00:00,6,19.28,29,33
2023-03-03 23:55,30,15.61,27,36
2023-03-03 23:55,7,21.13,28,36
2023-03-03 23:50,Автомобилей,"Занятость, %","Ср.скорость, км/ч","85 процентиль, км/ч"
2023-03-03 23:50,8,7.62,33,37
2023-03-03 23:45,7,25.68,33,36
2023-03-03 23:45,12,62.05,32,38
2023-03-03 23:40,4,15.33,36,37
2023-03-03 23:35,20,7.76,29,34
2023-03-03 23:35,9,11.89,27,28
2023-03-03 23:30,14,23.55,15,27
2023-03-03 23:30,11,20.56,29,33
2023-03-03 23:25,30,4.69,28,35
2023-03-03 23:25,6,4.89,33,38
2023-03-03 23:20,Автомобилей,"Занятость, %","Ср.скорость, км/ч","85 процентиль, км/ч"
2023-03-03 23:20,11,19.35,33,36
2023-03-03 23:15,14,33.38,32,36
2023-03-03 23:15,9,18.81,30,35
2023-03-03 23:10,9,6.04,29,34
2023-03-03 23:05,11,22.97,34,36
2023-03-03 23:05,4,17.19,37,37
2023-03-03 23:00,9,6.74,13,23
2023-03-03 23:00,12,5.73,32,36
2023-03-03 22:55,38,25.68,27,34
2023-03-03 22:55,9,36.44,32,36
2023-03-03 22:50,Автомобилей,"Занятость, %","Ср.скорость, км/ч","85 процентиль, км/ч"
2023-03-03 22:50,14,39.17,35,41
2023-03-03 22:45,13,20.47,29,32
2023-03-03 22:45,14,4.45,35,41
2023-03-03 22:40,11,33.52,35,39
2023-03-03 22:35,25,11.47,31,38
2023-03-03 22:35,9,17.94,34,37
2023-03-03 22:30,10,19.41,21,44
2023-03-03 22:30,16,19.75,34,37
2023-03-03 22:25,50,14.60,25,31
2023-03-03 22:25,14,6.44,28,33
2023-03-03 22:20,Автомобилей,"Занятость, %","Ср.скорость, км/ч","85 процентиль, км/ч"
2023-03-03 22:20,12,38.70,32,36
2023-03-03 22:15,22,28.48,32,38
2023-03-03 22:15,24,12.50,32,37
2023-03-03 22:10,20,50.89,33,36
2023-03-03 22:05,35,19.06,32,39
2023-03-03 22:05,18,32.99,34,38
2023-03-03 22:00,29,44.90,15,26
2023-03-03 22:00,17,41.64,32,37
2023-03-03 21:55,76,27.41,28,34
2023-03-03 21:55,19,28.85,32,37
2023-03-03 21:50,Автомобилей,"Занятость, %","Ср.скорость, км/ч","85 процентиль, км/ч"
2023-03-03 21:50,12,35.20,30,34
2023-03-03 21:45,13,28.95,35,40
2023-03-03 21:45,15,5.03,31,37
2023-03-03 21:40,18,33.49,34,40
2023-03-03 21:35,37,22.99,30,35
2023-03-03 21:35,18,39.84,29,34
2023-03-03 21:30,27,50.61,17,27
2023-03-03 21:30,19,24.79,31,35
2023-03-03 21:25,71,27.23,28,34
2023-03-03 21:25,18,21.32,33,38
2023-03-03 21:20,Автомобилей,"Занятость, %","Ср.скорость, км/ч","85 процентиль, км/ч"
2023-03-03 21:20,28,32.62,32,35
2023-03-03 21:15,15,12.37,29,31
2023-03-03 21:15,29,6.49,34,40
2023-03-03 21:10,19,25.12,32,36
2023-03-03 21:05,54,19.31,31,36
2023-03-03 21:05,24,29.89,32,36
2023-03-03 21:00,28,44.87,21,31
2023-03-03 21:00,24,12.75,31,34
2023-03-03 20:55,87,25.03,26,32
2023-03-03 20:55,29,21.24,33,36
2023-03-03 20:50,Автомобилей,"Занятость, %","Ср.скорость, км/ч","85 процентиль, км/ч"
2023-03-03 20:50,34,45.57,30,34
2023-03-03 20:45,42,26.90,29,33
2023-03-03 20:45,37,13.32,28,34
2023-03-03 20:40,23,47.24,31,35
2023-03-03 20:35,53,29.73,29,34
2023-03-03 20:35,25,50.56,31,36
2023-03-03 20:30,45,53.88,15,21
2023-03-03 20:30,32,13.15,32,35
2023-03-03 20:25,77,37.47,29,34
2023-03-03 20:25,25,48.46,33,36
2023-03-03 20:20,Автомобилей,"Занятость, %","Ср.скорость, км/ч","85 процентиль, км/ч"
2023-03-03 20:20,25,8.65,31,34
2023-03-03 20:15,32,55.11,30,35
2023-03-03 20:15,41,11.41,28,34
2023-03-03 20:10,39,53.09,31,35
2023-03-03 20:05,78,24.73,30,36
2023-03-03 20:05,37,37.65,31,35
2023-03-03 20:00,26,36.06,18,27
2023-03-03 20:00,38,16.32,30,34
2023-03-03 19:55,114,39.26,27,31
2023-03-03 19:55,28,50.22,32,36
2023-03-03 19:50,Автомобилей,"Занятость, %","Ср.скорость, км/ч","85 процентиль, км/ч"
2023-03-03 19:50,24,12.25,26,30
2023-03-03 19:45,39,22.19,31,34
2023-03-03 19:45,41,12.14,32,36
2023-03-03 19:40,17,24.03,31,34
2023-03-03 19:35,63,29.01,30,35
2023-03-03 19:35,33,46.94,31,35
2023-03-03 19:30,61,77.58,18,23
2023-03-03 19:30,19,34.93,31,33
2023-03-03 19:25,106,32.01,27,33
2023-03-03 19:25,22,14.76,35,39
2023-03-03 19:20,Автомобилей,"Занятость, %","Ср.скорость, км/ч","85 процентиль, км/ч"
2023-03-03 19:20,16,24.12,32,38
2023-03-03 19:15,26,38.87,31,36
2023-03-03 19:15,34,10.61,30,35
2023-03-03 19:10,18,35.67,32,35
2023-03-03 19:05,78,42.28,30,34
2023-03-03 19:05,31,71.58,30,34
2023-03-03 19:00,46,65.94,18,25
2023-03-03 19:00,24,18.12,33,36
2023-03-03 18:55,132,38.33,24,29
2023-03-03 18:55,38,48.67,30,35
2023-03-03 18:50,Автомобилей,"Занятость, %","Ср.скорость, км/ч","85 процентиль, км/ч"
2023-03-03 18:50,29,72.92,33,38
2023-03-03 18:45,33,36.74,32,36
2023-03-03 18:45,34,10.53,31,36
2023-03-03 18:40,29,13.80,30,35
2023-03-03 18:35,57,15.89,31,35
2023-03-03 18:35,26,22.58,31,33
2023-03-03 18:30,37,74.11,20,29
2023-03-03 18:30,27,60.69,33,38
2023-03-03 18:25,118,23.55,26,31
2023-03-03 18:25,29,15.28,31,35
2023-03-03 18:20,Автомобилей,"Занятость, %","Ср.скорость, км/ч","85 процентиль, км/ч"
2023-03-03 18:20,29,27.80,33,39
2023-03-03 18:15,33,37.27,32,36
2023-03-03 18:10,23,24.43,34,40
2023-03-03 18:05,29,65.63,31,36
2023-03-03 18:00,17,24.47,33,38
2023-03-03 17:55,27,60.63,33,37
2023-03-03 17:50,26,34.88,32,37
2023-03-03 17:45,29,43.24,34,38
2023-03-03 17:40,22,53.06,33,40
2023-03-03 17:35,23,14.91,31,35
2023-03-03 17:30,18,37.78,35,41
2023-03-03 17:25,39,37.37,32,37
2023-03-03 17:20,30,38.21,30,35
2023-03-03 17:15,46,43.21,33,36
2023-03-03 17:10,26,28.19,35,39
2023-03-03 17:05,49,14.73,32,38
2023-03-03 17:00,34,60.66,32,36
2023-03-03 16:55,46,38.84,32,36
2023-03-03 16:50,22,13.87,31,35
2023-03-03 16:45,39,20.32,33,38
2023-03-03 16:40,24,68.96,29,34
2023-03-03 16:35,38,36.31,32,36
2023-03-03 16:30,28,24.80,31,37
2023-03-03 16:25,43,36.93,31,35
2023-03-03 16:20,25,25.90,30,34
2023-03-03 16:15,43,14.83,27,32
2023-03-03 16:10,31,55.23,29,34
2023-03-03 16:05,37,61.83,33,38
2023-03-03 16:00,21,39.77,32,37
2023-03-03 15:55,28,37.53,33,37
2023-03-03 15:50,27,34.48,33,37
2023-03-03 15:45,38,17.39,32,37
2023-03-03 15:40,24,45.63,33,37
2023-03-03 15:35,42,40.76,29,37
2023-03-03 15:30,33,37.37,32,37
2023-03-03 15:25,39,32.07,30,34
2023-03-03 15:20,39,34.51,34,40
2023-03-03 15:15,34,21.53,31,36
2023-03-03 15:10,42,27.98,32,39
2023-03-03 15:05,40,44.87,33,38
2023-03-03 15:00,38,27.40,32,37
2023-03-03 14:55,25,31.16,31,36
2023-03-03 14:50,25,13.01,33,37
2023-03-03 14:45,31,23.84,31,35
2023-03-03 14:40,30,30.15,33,39
2023-03-03 14:35,31,30.25,33,38
2023-03-03 14:30,32,17.67,35,43
2023-03-03 14:25,29,14.94,32,37
2023-03-03 14:20,36,34.41,33,38
2023-03-03 14:15,33,27.72,33,37
2023-03-03 14:10,35,33.56,34,39
2023-03-03 14:05,40,29.51,33,38
2023-03-03 14:00,43,14.53,32,37
2023-03-03 13:55,41,39.74,28,38
2023-03-03 13:50,39,39.01,33,38
2023-03-03 13:45,25,11.42,35,42
2023-03-03 13:40,32,21.28,34,37
2023-03-03 13:35,38,26.63,28,32
2023-03-03 13:30,55,22.18,30,37
2023-03-03 13:25,45,47.35,31,39
2023-03-03 13:20,42,22.95,32,35
2023-03-03 13:15,43,14.43,31,35
2023-03-03 13:10,34,14.13,32,37
2023-03-03 13:05,35,15.45,30,34
2023-03-03 13:00,28,35.20,32,39
2023-03-03 12:55,29,27.67,32,36
2023-03-03 12:50,30,24.07,29,34
2023-03-03 12:45,30,50.21,32,36
2023-03-03 12:40,38,43.51,28,33
2023-03-03 12:35,26,53.64,34,37
2023-03-03 12:30,41,15.51,31,38
2023-03-03 12:25,39,23.64,29,34
2023-03-03 12:20,14,31.12,27,31
2023-03-03 12:15,50,18.55,31,35
2023-03-03 12:10,47,32.10,32,37
2023-03-03 12:05,41,56.28,31,33
2023-03-03 12:00,33,12.60,31,35
2023-03-03 11:55,38,12.14,30,35
2023-03-03 11:50,37,72.67,33,38
2023-03-03 11:45,29,31.32,27,31
2023-03-03 11:40,20,31.64,28,32
2023-03-03 11:35,21,10.51,32,36
2023-03-03 11:30,31,33.79,32,36
2023-03-03 11:25,38,22.41,30,36
2023-03-03 11:20,28,34.61,31,36
2023-03-03 11:15,25,40.40,31,38
2023-03-03 11:10,36,27.45,30,33
2023-03-03 11:05,36,29.26,29,34
2023-03-03 11:00,28,59.05,32,37
2023-03-03 10:55,30,45.78,30,35
2023-03-03 10:50,32,50.61,33,38
2023-03-03 10:45,26,9.12,32,36
2023-03-03 10:40,26,47.93,31,37
2023-03-03 10:35,31,31.39,29,33
2023-03-03 10:30,41,16.25,33,40
2023-03-03 10:25,39,35.55,32,37
2023-03-03 10:20,34,16.32,32,36
2023-03-03 10:15,34,35.71,28,33
2023-03-03 10:10,32,12.92,30,36
2023-03-03 10:05,39,15.61,24,36
2023-03-03 10:00,51,26.32,27,35
2023-03-03 09:55,35,28.21,30,34
2023-03-03 09:50,46,43.77,33,37
2023-03-03 09:45,40,12.13,32,36
2023-03-03 09:40,50,30.13,31,36
2023-03-03 09:35,34,27.20,33,37
2023-03-03 09:30,43,39.95,32,38
2023-03-03 09:25,28,10.16,32,35
2023-03-03 09:20,25,9.19,32,37
2023-03-03 09:15,33,42.20,29,33
2023-03-03 09:10,44,19.18,34,38
2023-03-03 09:05,37,36.85,34,38
2023-03-03 09:00,55,35.68,33,47
2023-03-03 08:55,43,32.87,31,36
2023-03-03 08:50,59,26.36,32,36
2023-03-03 08:45,42,28.17,34,40
2023-03-03 08:40,56,23.51,30,33
2023-03-03 08:35,47,41.79,29,33
2023-03-03 08:30,51,40.15,32,36
2023-03-03 08:25,39,12.54,36,40
2023-03-03 08:20,49,12.07,35,41
2023-03-03 08:15,39,11.69,33,36
2023-03-03 08:10,46,35.50,33,36
2023-03-03 08:05,40,12.67,34,37
2023-03-03 08:00,41,11.08,33,36
2023-03-03 07:55,30,10.36,35,38
2023-03-03 07:50,30,9.45,34,38
2023-03-03 07:45,35,33.10,34,38
2023-03-03 07:40,30,11.14,32,37
2023-03-03 07:35,33,12.78,34,39
2023-03-03 07:30,38,26.76,34,39
2023-03-03 07:25,20,46.24,35,40
2023-03-03 07:20,39,40.10,31,36
2023-03-03 07:15,33,11.02,34,39
2023-03-03 07:10,38,8.95,34,37
2023-03-03 07:05,28,32.30,33,38
2023-03-03 07:00,27,22.13,36,41
2023-03-03 06:55,29,32.34,36,40
2023-03-03 06:50,27,28.53,35,38
2023-03-03 06:45,21,22.21,33,40
2023-03-03 06:40,23,37.20,37,40
2023-03-03 06:35,21,24.90,37,42
2023-03-03 06:30,20,17.89,31,34
2023-03-03 06:25,13,10.68,31,36
2023-03-03 06:20,21,31.54,33,37
2023-03-03 06:15,13,18.60,35,39
2023-03-03 06:10,11,17.62,29,33
2023-03-03 06:05,10,16.47,29,34
2023-03-03 06:00,0,0.00,0,0
2023-03-03 05:55,6,7.60,28,34
2023-03-03 05:50,3,7.86,21,24
2023-03-03 05:45,4,22.36,35,37
2023-03-03 05:40,1,2.03,32,32
2023-03-03 05:35,6,1.65,28,36
2023-03-03 05:30,5,6.74,30,30
2023-03-03 05:25,0,0.56,0,0
2023-03-03 05:20,7,2.46,32,38
2023-03-03 05:15,2,1.57,0,0
2023-03-03 05:10,3,8.61,29,34
2023-03-03 05:05,0,0.81,0,0
2023-03-03 05:00,3,1.18,40,40
2023-03-03 04:55,2,1.55,35,35
2023-03-03 04:50,1,1.01,0,0
2023-03-03 04:45,4,20.18,32,34
2023-03-03 04:40,2,0.78,30,30
2023-03-03 04:35,2,1.42,0,0
2023-03-03 04:30,1,0.70,26,26
2023-03-03 04:25,0,25.04,0,0
2023-03-03 04:20,0,1.37,0,0
2023-03-03 04:15,1,0.75,0,0
2023-03-03 04:10,1,4.30,0,0
2023-03-03 04:05,0,1.06,0,0
2023-03-03 04:00,3,17.51,28,28
2023-03-03 03:55,2,0.54,33,33
2023-03-03 03:50,2,0.78,0,0
2023-03-03 03:45,2,2.82,33,52
2023-03-03 03:40,0,0.20,0,0
2023-03-03 03:35,0,20.55,0,0
2023-03-03 03:30,0,0.34,0,0
2023-03-03 03:25,0,6.16,0,0
2023-03-03 03:20,0,12.35,0,0
2023-03-03 03:15,4,1.01,32,37
2023-03-03 03:10,1,0.46,30,30
2023-03-03 03:05,0,0.58,0,0
2023-03-03 03:00,2,17.05,20,20
2023-03-03 02:55,0,0.96,0,0
2023-03-03 02:50,2,12.45,33,33
2023-03-03 02:45,4,8.81,26,29
2023-03-03 02:40,3,6.54,0,0
2023-03-03 02:35,4,6.02,0,0
2023-03-03 02:30,1,10.74,22,22
2023-03-03 02:25,0,8.98,0,0
2023-03-03 02:20,0,13.67,0,0
2023-03-03 02:15,4,3.04,28,31
2023-03-03 02:10,2,1.13,34,36
2023-03-03 02:05,3,4.15,29,39
2023-03-03 02:00,2,16.89,38,41
2023-03-03 01:55,3,12.77,32,40
2023-03-03 01:50,2,1.76,32,32
2023-03-03 01:45,3,9.26,28,39
2023-03-03 01:40,2,6.45,32,34
2023-03-03 01:35,1,2.63,0,0
2023-03-03 01:30,5,10.39,28,30
2023-03-03 01:25,4,1.63,32,32
2023-03-03 01:20,1,1.79,33,33
2023-03-03 01:15,4,8.26,31,37
2023-03-03 01:10,5,2.08,36,36
2023-03-03 01:05,5,2.12,30,39
2023-03-03 01:00,4,14.54,33,33
2023-03-03 00:55,7,2.55,31,35
2023-03-03 00:50,4,1.25,40,40
2023-03-03 00:45,5,1.29,28,31
2023-03-03 00:40,2,7.43,28,28
2023-03-03 00:35,4,15.01,38,38
2023-03-03 00:30,3,6.18,29,30
2023-03-03 00:25,4,4.29,30,34
2023-03-03 00:20,4,2.61,29,31
2023-03-03 00:15,1,3.30,45,45
2023-03-03 00:10,6,4.90,31,36
2023-03-03 00:05,5,19.24,34,39
2023-03-03 00:00,7,6.29,33,38
2023-03-02 23:55,6,28.38,29,33
2023-03-02 23:50,4,4.35,26,26
2023-03-02 23:45,5,26.27,31,40
2023-03-02 23:40,1,29.30,0,0
2023-03-02 23:35,12,21.53,31,40
2023-03-02 23:30,4,27.26,31,33
2023-03-02 23:25,5,5.37,0,0
2023-03-02 23:20,5,8.46,32,34
2023-03-02 23:15,9,7.28,33,38
2023-03-02 23:10,5,17.88,28,31
2023-03-02 23:05,11,9.35,34,37
2023-03-02 23:00,4,17.13,32,32
2023-03-02 22:55,6,4.92,33,36
2023-03-02 22:50,10,7.34,32,37
2023-03-02 22:45,9,15.66,34,38
2023-03-02 22:40,9,7.54,30,35
2023-03-02 22:35,9,5.07,33,35
2023-03-02 22:30,16,13.38,36,39
2023-03-02 22:25,8,19.68,30,30
2023-03-02 22:20,8,16.12,35,39
2023-03-02 22:15,16,21.60,31,36
2023-03-02 22:10,16,7.36,31,33
2023-03-02 22:05,13,25.74,33,36
2023-03-02 22:00,12,18.40,32,39
2023-03-02 21:55,11,19.33,32,35
2023-03-02 21:50,8,24.65,40,40
2023-03-02 21:45,11,45.49,30,33
2023-03-02 21:40,17,35.43,26,33
2023-03-02 21:35,29,11.45,30,34
2023-03-02 21:30,15,29.69,33,37
2023-03-02 21:25,18,20.78,34,37
2023-03-02 21:20,15,23.14,34,40
2023-03-02 21:15,17,34.88,29,34
2023-03-02 21:10,16,27.57,28,32
2023-03-02 21:05,16,38.54,29,33
2023-03-02 21:00,25,25.04,32,37
2023-03-02 20:55,19,22.66,30,35
2023-03-02 20:50,26,15.68,30,36
2023-03-02 20:45,16,25.88,35,39
2023-03-02 20:40,24,10.86,34,38
2023-03-02 20:35,21,15.50,29,33
2023-03-02 20:30,15,22.60,32,36
2023-03-02 20:25,32,28.63,32,37
2023-03-02 20:20,27,35.52,33,37
2023-03-02 20:15,27,25.69,33,38
2023-03-02 20:10,29,22.38,30,33
2023-03-02 20:05,22,28.68,30,35
2023-03-02 20:00,24,31.42,30,34
2023-03-02 19:55,24,35.17,33,38
2023-03-02 19:50,17,32.82,34,38
2023-03-02 19:45,31,16.82,29,33
2023-03-02 19:40,15,55.85,30,34
2023-03-02 19:35,34,27.07,34,38
2023-03-02 19:30,21,54.43,32,35
2023-03-02 19:25,34,17.57,31,34
2023-03-02 19:20,19,10.60,31,35
2023-03-02 19:15,38,15.07,28,33
2023-03-02 19:10,19,15.50,32,36
2023-03-02 19:05,29,35.49,32,38
2023-03-02 19:00,23,10.27,32,37
2023-03-02 18:55,18,19.05,31,33
2023-03-02 18:50,20,47.77,33,37
2023-03-02 18:45,38,37.19,32,36
2023-03-02 18:40,14,31.41,32,38
2023-03-02 18:35,30,63.48,31,35
2023-03-02 18:30,22,54.24,30,33
2023-03-02 18:25,37,14.14,32,38
2023-03-02 18:20,26,32.95,35,39
2023-03-02 18:15,34,44.92,31,36
2023-03-02 18:10,24,73.28,34,40
2023-03-02 18:05,25,13.25,33,36
2023-03-02 18:00,29,11.61,32,36
2023-03-02 17:55,37,21.68,33,38
2023-03-02 17:50,30,35.04,34,39
2023-03-02 17:45,42,37.03,31,36
2023-03-02 17:40,22,33.41,33,37
2023-03-02 17:35,33,20.61,32,35
2023-03-02 17:30,31,26.78,29,35
2023-03-02 17:25,50,23.32,32,36
2023-03-02 17:20,32,21.04,34,37
2023-03-02 17:15,47,34.32,33,37
2023-03-02 17:10,23,37.42,31,34
2023-03-02 17:05,35,36.58,33,39
2023-03-02 17:00,22,11.61,30,33
2023-03-02 16:55,36,13.47,35,39
2023-03-02 16:50,28,13.46,26,33
2023-03-02 16:45,40,15.63,33,39
2023-03-02 16:40,18,46.38,31,36
2023-03-02 16:35,35,34.56,31,35
2023-03-02 16:30,36,31.14,33,39
2023-03-02 16:25,29,12.15,33,38
2023-03-02 16:20,30,11.28,35,40
2023-03-02 16:15,45,46.16,31,36
2023-03-02 16:10,17,47.68,32,36
2023-03-02 16:05,33,19.66,34,41
2023-03-02 16:00,28,52.17,32,36
2023-03-02 15:55,40,12.88,33,38
2023-03-02 15:50,39,10.51,32,38
2023-03-02 15:45,38,26.39,33,43
2023-03-02 15:40,30,28.06,33,36
2023-03-02 15:35,39,37.81,30,34
2023-03-02 15:30,26,16.57,34,39
2023-03-02 15:25,28,26.42,32,36
2023-03-02 15:20,24,11.57,30,36
2023-03-02 15:15,34,60.80,32,37
2023-03-02 15:10,27,54.53,32,36
2023-03-02 15:05,17,36.72,32,38
2023-03-02 15:00,45,30.24,32,38
2023-03-02 14:55,27,27.11,34,38
2023-03-02 14:50,27,58.88,32,37
2023-03-02 14:45,28,23.31,33,36
2023-03-02 14:40,37,33.33,30,37
2023-03-02 14:35,43,44.57,35,39
2023-03-02 14:30,35,58.18,32,37
2023-03-02 14:25,43,35.58,33,38
2023-03-02 14:20,37,41.59,30,35
2023-03-02 14:15,36,34.38,32,37
2023-03-02 14:10,30,32.11,36,43
2023-03-02 14:05,42,32.55,31,36
2023-03-02 14:00,37,32.21,33,37
2023-03-02 13:55,34,46.01,33,37
2023-03-02 13:50,46,50.70,33,37
2023-03-02 13:45,33,62.18,33,38
2023-03-02 13:40,29,49.39,32,35
2023-03-02 13:35,24,37.59,33,38
2023-03-02 13:30,32,50.22,32,36
2023-03-02 13:25,28,57.28,31,38
2023-03-02 13:20,45,41.89,34,39
2023-03-02 13:15,41,50.28,30,33
2023-03-02 13:10,33,15.74,34,44
2023-03-02 13:05,29,49.65,33,37
2023-03-02 13:00,33,24.24,34,38
2023-03-02 12:55,41,31.02,32,37
2023-03-02 12:50,33,38.85,28,35
2023-03-02 12:45,25,43.28,34,39
2023-03-02 12:40,30,35.30,33,38
2023-03-02 12:35,28,32.21,31,37
2023-03-02 12:30,25,59.76,32,37
2023-03-02 12:25,31,55.27,31,35
2023-03-02 12:20,34,14.33,32,36
2023-03-02 12:15,35,32.45,34,37
2023-03-02 12:10,28,23.45,32,38
2023-03-02 12:05,30,54.47,26,40
2023-03-02 12:00,50,56.96,33,37
2023-03-02 11:55,37,50.07,32,37
2023-03-02 11:50,31,14.19,31,34
2023-03-02 11:45,33,12.41,32,36
2023-03-02 11:40,40,35.12,32,36
2023-03-02 11:35,24,15.46,31,34
2023-03-02 11:30,32,42.25,31,35
2023-03-02 11:25,35,37.47,31,35
2023-03-02 11:20,20,11.90,33,37
2023-03-02 11:15,26,11.60,33,39
2023-03-02 11:10,27,48.54,31,35
2023-03-02 11:05,31,40.19,29,35
2023-03-02 11:00,31,18.22,30,37
2023-03-02 10:55,47,41.27,26,32
2023-03-02 10:50,34,53.23,29,33
2023-03-02 10:45,28,10.16,34,41
2023-03-02 10:40,30,30.04,34,38
2023-03-02 10:35,44,13.34,32,38
2023-03-02 10:30,36,14.75,34,38
2023-03-02 10:25,31,10.64,32,36
2023-03-02 10:20,43,36.01,33,38
2023-03-02 10:15,44,20.17,29,35
2023-03-02 10:10,36,43.35,26,34
2023-03-02 10:05,32,30.90,31,36
2023-03-02 10:00,30,50.93,35,39
2023-03-02 09:55,33,24.01,34,37
2023-03-02 09:50,32,44.18,32,42
2023-03-02 09:45,30,33.76,32,37
2023-03-02 09:40,39,35.27,32,37
2023-03-02 09:35,24,9.97,34,38
2023-03-02 09:30,42,30.57,33,37
2023-03-02 09:25,29,21.16,35,39
2023-03-02 09:20,30,12.87,31,38
2023-03-02 09:15,28,46.47,32,38
2023-03-02 09:10,46,69.72,30,36
2023-03-02 09:05,34,33.66,34,39
2023-03-02 09:00,46,14.50,34,38
2023-03-02 08:55,35,35.70,29,35
2023-03-02 08:50,50,15.82,30,34
2023-03-02 08:45,43,27.53,34,37
2023-03-02 08:40,55,60.70,32,37
2023-03-02 08:35,41,51.53,33,38
2023-03-02 08:30,64,22.42,32,37
2023-03-02 08:25,39,58.20,34,38
2023-03-02 08:20,44,11.96,32,35
2023-03-02 08:15,32,9.82,35,40
2023-03-02 08:10,49,13.57,34,38
2023-03-02 08:05,40,12.13,31,37
2023-03-02 08:00,45,35.67,33,38
2023-03-02 07:55,37,50.05,34,38
2023-03-02 07:50,39,17.07,36,40
2023-03-02 07:45,30,44.11,36,39
2023-03-02 07:40,43,20.52,36,40
2023-03-02 07:35,25,47.66,36,41
2023-03-02 07:30,27,64.02,35,38
2023-03-02 07:25,24,37.99,36,39
2023-03-02 07:20,34,34.06,35,40
2023-03-02 07:15,26,42.53,32,35
2023-03-02 07:10,42,34.49,33,38
2023-03-02 07:05,26,22.09,33,37
2023-03-02 07:00,32,18.36,35,39
2023-03-02 06:55,30,37.46,35,39
2023-03-02 06:50,30,47.79,33,38
2023-03-02 06:45,26,26.09,36,41
2023-03-02 06:40,22,36.44,35,38
2023-03-02 06:35,20,30.93,34,38
2023-03-02 06:30,26,7.45,34,39
2023-03-02 06:25,16,20.01,35,39
2023-03-02 06:20,20,21.12,36,39
2023-03-02 06:15,10,16.77,0,0
2023-03-02 06:10,14,2.74,33,33
2023-03-02 06:05,6,16.92,33,33
2023-03-02 06:00,9,3.46,34,40
2023-03-02 05:55,6,2.11,30,30
2023-03-02 05:50,1,12.42,0,0
2023-03-02 05:45,9,2.74,35,37
2023-03-02 05:40,3,2.95,21,21
2023-03-02 05:35,3,1.47,30,34
2023-03-02 05:30,4,1.47,30,31
2023-03-02 05:25,4,1.61,29,31
2023-03-02 05:20,2,15.42,0,0
2023-03-02 05:15,2,1.72,0,0
2023-03-02 05:10,4,33.38,35,39
2023-03-02 05:05,1,16.49,0,0
2023-03-02 05:00,3,7.73,39,39
2023-03-02 04:55,1,1.66,33,33
2023-03-02 04:50,4,4.56,32,34
2023-03-02 04:45,0,0.49,0,0
2023-03-02 04:40,0,0.27,0,0
2023-03-02 04:35,1,11.44,0,0
2023-03-02 04:30,2,2.86,28,28
2023-03-02 04:25,0,14.39,0,0
2023-03-02 04:20,1,19.97,0,0
2023-03-02 04:15,0,6.41,0,0
2023-03-02 04:10,0,0.75,0,0
2023-03-02 04:05,1,0.96,0,0
2023-03-02 04:00,2,1.84,23,27
2023-03-02 03:55,2,0.72,26,26
2023-03-02 03:50,1,0.97,26,26
2023-03-02 03:45,0,12.70,0,0
2023-03-02 03:40,1,0.88,0,0
2023-03-02 03:35,1,0.30,0,0
2023-03-02 03:30,2,0.84,26,29
2023-03-02 03:25,0,10.09,0,0
2023-03-02 03:20,0,1.48,0,0
2023-03-02 03:15,2,0.44,22,22
2023-03-02 03:10,1,0.49,0,0
2023-03-02 03:05,0,3.65,0,0
2023-03-02 03:00,3,8.20,0,0
2023-03-02 02:55,2,0.94,22,22
2023-03-02 02:50,1,0.68,0,0
2023-03-02 02:45,1,0.52,24,24
2023-03-02 02:40,1,0.26,40,40
2023-03-02 02:35,1,7.36,0,0
2023-03-02 02:30,1,5.69,24,24
2023-03-02 02:25,2,0.66,30,30
2023-03-02 02:20,2,1.05,34,36
2023-03-02 02:15,2,1.46,27,27
2023-03-02 02:10,1,4.54,35,35
2023-03-02 02:05,1,16.53,0,0
2023-03-02 02:00,2,0.87,36,36
2023-03-02 01:55,2,0.60,0,0
2023-03-02 01:50,1,5.19,28,28
2023-03-02 01:45,2,8.53,28,28
2023-03-02 01:40,2,13.05,0,0
2023-03-02 01:35,2,1.34,30,30
2023-03-02 01:30,0,17.39,0,0
2023-03-02 01:25,2,11.94,31,34
2023-03-02 01:20,1,1.14,34,34
2023-03-02 01:15,1,22.79,36,36
2023-03-02 01:10,0,12.72,0,0
2023-03-02 01:05,0,1.03,0,0
2023-03-02 01:00,2,8.20,30,30
2023-03-02 00:55,3,1.42,24,25
2023-03-02 00:50,6,16.12,34,38
2023-03-02 00:45,2,16.97,35,35
2023-03-02 00:40,3,21.08,36,40
2023-03-02 00:35,3,2.15,36,36
2023-03-02 00:30,3,5.13,25,29
2023-03-02 00:25,7,25.68,31,37
2023-03-02 00:20,5,3.04,29,40
2023-03-02 00:15,2,2.76,30,30
2023-03-02 00:10,2,10.92,29,35
2023-03-02 00:05,2,23.92,36,36
2023-03-02 00:00,7,21.73,28,33
2023-03-01 23:55,9,16.57,28,32
2023-03-01 23:50,3,19.58,36,36
2023-03-01 23:45,4,18.09,32,41
2023-03-01 23:40,2,3.08,28,28
2023-03-01 23:35,11,17.32,31,33
2023-03-01 23:30,5,16.61,28,35
2023-03-01 23:25,3,26.80,33,40
2023-03-01 23:20,5,16.10,22,23
2023-03-01 23:15,5,22.17,0,0
2023-03-01 23:10,5,4.13,34,41
2023-03-01 23:05,9,19.97,33,36
2023-03-01 23:00,5,4.20,36,36
2023-03-01 22:55,5,29.47,33,38
2023-03-01 22:50,16,21.22,33,36
2023-03-01 22:45,13,16.27,30,36
2023-03-01 22:40,16,13.16,33,39
2023-03-01 22:35,13,7.26,34,37
2023-03-01 22:30,9,10.79,30,34
2023-03-01 22:25,5,7.65,0,0
2023-03-01 22:20,9,25.10,29,32
2023-03-01 22:15,21,15.03,33,38
2023-03-01 22:10,14,23.69,32,38
2023-03-01 22:05,15,19.93,32,35
2023-03-01 22:00,19,21.71,35,37
2023-03-01 21:55,10,10.01,29,35
2023-03-01 21:50,16,43.55,33,37
2023-03-01 21:45,5,14.38,34,39
2023-03-01 21:40,17,27.57,32,35
2023-03-01 21:35,17,18.05,29,33
2023-03-01 21:30,14,28.53,30,37
2023-03-01 21:25,17,10.92,29,33
2023-03-01 21:20,23,18.05,33,38
2023-03-01 21:15,15,23.40,32,35
2023-03-01 21:10,15,37.16,30,34
2023-03-01 21:05,29,16.05,33,38
2023-03-01 21:00,15,9.61,33,39
2023-03-01 20:55,18,11.79,32,36
2023-03-01 20:50,22,12.24,34,39
2023-03-01 20:45,22,43.31,31,36
2023-03-01 20:40,16,26.07,28,34
2023-03-01 20:35,18,26.60,35,37
2023-03-01 20:30,28,28.57,32,37
2023-03-01 20:25,27,32.92,34,37
2023-03-01 20:20,27,11.47,30,35
2023-03-01 20:15,28,18.21,32,36
2023-03-01 20:10,34,45.18,30,34
2023-03-01 20:05,17,35.06,29,32
2023-03-01 20:00,31,19.53,32,35
2023-03-01 19:55,24,37.46,31,35
2023-03-01 19:50,23,33.37,27,32
2023-03-01 19:45,28,42.48,35,39
2023-03-01 19:40,19,23.20,32,36
2023-03-01 19:35,19,36.51,30,33
2023-03-01 19:30,27,48.57,31,35
2023-03-01 19:25,23,54.18,33,36
2023-03-01 19:20,36,12.34,31,35
2023-03-01 19:15,27,45.47,31,35
2023-03-01 19:10,13,62.06,34,38
2023-03-01 19:05,22,49.56,31,34
2023-03-01 19:00,18,25.94,32,36
2023-03-01 18:55,30,34.73,32,36
2023-03-01 18:50,24,56.05,32,36
2023-03-01 18:45,21,36.41,31,35
2023-03-01 18:40,21,59.61,32,38
2023-03-01 18:35,32,37.11,31,36
2023-03-01 18:30,13,33.04,36,40
2023-03-01 18:25,39,35.05,31,34
2023-03-01 18:20,30,31.33,31,35
2023-03-01 18:15,48,63.11,32,36
2023-03-01 18:10,28,55.50,34,40
2023-03-01 18:05,26,58.91,35,40
2023-03-01 18:00,24,9.52,33,36
2023-03-01 17:55,43,49.41,33,40
2023-03-01 17:50,15,46.82,31,34
2023-03-01 17:45,40,32.61,33,37
2023-03-01 17:40,24,9.50,30,33
2023-03-01 17:35,42,47.68,31,35
2023-03-01 17:30,36,27.17,28,35
2023-03-01 17:25,48,37.72,32,36
2023-03-01 17:20,37,13.37,28,37
2023-03-01 17:15,48,45.33,33,37
2023-03-01 17:10,27,25.96,33,41
2023-03-01 17:05,42,14.25,35,40
2023-03-01 17:00,24,10.23,34,38
2023-03-01 16:55,32,40.88,33,38
2023-03-01 16:50,30,13.80,34,38
2023-03-01 16:45,34,13.01,34,39
2023-03-01 16:40,19,32.64,31,36
2023-03-01 16:35,27,31.76,31,36
2023-03-01 16:30,26,55.92,35,41
2023-03-01 16:25,36,43.47,34,39
2023-03-01 16:20,33,78.74,29,34
2023-03-01 16:15,30,65.66,34,38
2023-03-01 16:10,30,24.78,33,38
2023-03-01 16:05,35,45.42,32,38
2023-03-01 16:00,25,35.81,32,39
2023-03-01 15:55,34,33.75,33,39
2023-03-01 15:50,18,50.42,35,40
2023-03-01 15:45,34,19.50,34,39
2023-03-01 15:40,35,39.40,35,40
2023-03-01 15:35,35,21.53,32,37
2023-03-01 15:30,25,73.20,33,39
2023-03-01 15:25,37,27.14,34,39
2023-03-01 15:20,25,11.59,31,35
2023-03-01 15:15,47,35.62,30,34
2023-03-01 15:10,23,28.53,34,37
2023-03-01 15:05,32,15.56,35,40
2023-03-01 15:00,31,13.09,33,40
2023-03-01 14:55,27,31.03,33,38
2023-03-01 14:50,22,13.68,30,34
2023-03-01 14:45,14,13.94,23,30
2023-03-01 14:40,36,22.26,31,37
2023-03-01 14:35,35,13.74,32,34
2023-03-01 14:30,36,35.23,31,35
2023-03-01 14:25,47,20.23,29,34
2023-03-01 14:20,36,11.43,30,35
2023-03-01 14:15,29,22.49,33,36
2023-03-01 14:10,29,40.15,31,35
2023-03-01 14:05,34,37.21,33,38
2023-03-01 14:00,36,24.65,33,37
2023-03-01 13:55,34,12.45,32,37
2023-03-01 13:50,43,27.68,29,36
2023-03-01 13:45,44,14.22,32,36
2023-03-01 13:40,37,31.65,32,36
2023-03-01 13:35,39,21.75,32,37
2023-03-01 13:30,38,38.48,31,35
2023-03-01 13:25,33,14.34,32,36
2023-03-01 13:20,39,40.27,30,34
2023-03-01 13:15,30,46.03,32,35
2023-03-01 13:10,29,29.84,31,37
2023-03-01 13:05,27,12.98,31,36
2023-03-01 13:00,26,30.39,33,38
2023-03-01 12:55,25,33.44,33,38
2023-03-01 12:50,33,19.12,31,34
2023-03-01 12:45,30,12.81,32,37
2023-03-01 12:40,43,53.10,31,35
2023-03-01 12:35,43,35.27,31,36
2023-03-01 12:30,30,29.88,33,39
2023-03-01 12:25,30,52.69,31,36
2023-03-01 12:20,33,67.20,33,38
2023-03-01 12:15,48,35.01,29,35
2023-03-01 12:10,30,17.08,31,36
2023-03-01 12:05,35,29.45,32,36
2023-03-01 12:00,43,50.51,31,38
2023-03-01 11:55,43,27.16,30,36
2023-03-01 11:50,45,17.12,32,36
2023-03-01 11:45,48,33.15,30,34
2023-03-01 11:40,52,28.08,32,35
2023-03-01 11:35,41,50.58,32,36
2023-03-01 11:30,41,23.80,32,37
2023-03-01 11:25,37,39.18,33,37
2023-03-01 11:20,32,52.97,34,39
2023-03-01 11:15,31,26.02,30,38
2023-03-01 11:10,33,33.36,29,34
2023-03-01 11:05,35,25.40,31,35
2023-03-01 11:00,34,17.86,30,34
2023-03-01 10:55,35,50.95,33,38
2023-03-01 10:50,38,18.73,34,39
2023-03-01 10:45,40,21.38,32,37
2023-03-01 10:40,37,31.14,32,38
2023-03-01 10:35,34,40.27,33,37
2023-03-01 10:30,35,41.62,34,38
2023-03-01 10:25,39,18.59,37,41
2023-03-01 10:20,31,43.08,35,41
2023-03-01 10:15,40,34.31,34,39
2023-03-01 10:10,28,48.18,34,40
2023-03-01 10:05,35,45.13,34,37
2023-03-01 10:00,37,22.34,33,37
2023-03-01 09:55,29,51.80,35,39
2023-03-01 09:50,36,32.50,33,38
2023-03-01 09:45,27,10.45,33,37
2023-03-01 09:40,37,47.38,33,36
2023-03-01 09:35,26,8.04,34,39
2023-03-01 09:30,38,35.31,34,38
2023-03-01 09:25,37,33.82,34,38
2023-03-01 09:20,31,35.54,32,37
2023-03-01 09:15,32,12.90,33,36
2023-03-01 09:10,44,14.92,33,37
2023-03-01 09:05,38,34.44,33,36
2023-03-01 09:00,28,17.04,35,41
2023-03-01 08:55,45,44.65,35,39
2023-03-01 08:50,54,16.82,32,36
2023-03-01 08:45,43,57.89,28,36
2023-03-01 08:40,51,39.54,33,37
2023-03-01 08:35,47,20.36,33,37
2023-03-01 08:30,55,52.43,32,36
2023-03-01 08:25,38,50.32,31,35
2023-03-01 08:20,57,48.86,34,38
2023-03-01 08:15,45,64.17,34,37
2023-03-01 08:10,48,61.55,33,37
2023-03-01 08:05,40,43.52,34,37
2023-03-01 08:00,37,11.83,35,38
2023-03-01 07:55,30,53.45,33,37
2023-03-01 07:50,52,14.31,33,36
2023-03-01 07:45,40,54.49,33,37
2023-03-01 07:40,33,16.74,34,39
2023-03-01 07:35,27,46.48,32,36
2023-03-01 07:30,45,63.47,34,37
2023-03-01 07:25,24,23.07,36,41
2023-03-01 07:20,28,15.05,35,40
2023-03-01 07:15,31,48.06,33,38
2023-03-01 07:10,39,42.67,33,38
2023-03-01 07:05,28,13.41,33,37
2023-03-01 07:00,32,32.08,34,38
2023-03-01 06:55,29,14.71,33,37
2023-03-01 06:50,28,31.00,32,37
2023-03-01 06:45,22,26.16,35,39
2023-03-01 06:40,26,14.32,38,44
2023-03-01 06:35,15,34.40,36,36
2023-03-01 06:30,17,22.54,34,39
2023-03-01 06:25,19,7.89,34,38
2023-03-01 06:20,11,30.38,35,38
2023-03-01 06:15,13,8.53,30,34
2023-03-01 06:10,9,3.40,37,43
2023-03-01 06:05,7,12.64,37,40
2023-03-01 06:00,6,32.78,37,37
2023-03-01 05:55,5,3.00,28,35
2023-03-01 05:50,3,7.38,0,0
2023-03-01 05:45,5,2.17,0,0
2023-03-01 05:40,3,4.71,27,27
2023-03-01 05:35,7,5.53,0,0
2023-03-01 05:30,4,5.93,36,49
2023-03-01 05:25,4,1.60,37,39
2023-03-01 05:20,2,6.54,30,30
2023-03-01 05:15,2,4.67,33,37
2023-03-01 05:10,3,1.27,41,41
2023-03-01 05:05,0,9.95,0,0
2023-03-01 05:00,1,16.85,33,33
2023-03-01 04:55,2,0.72,32,38
2023-03-01 04:50,2,21.52,40,40
2023-03-01 04:45,0,0.42,0,0
2023-03-01 04:40,1,2.26,26,26
2023-03-01 04:35,1,1.29,0,0
2023-03-01 04:30,3,3.67,33,37
2023-03-01 04:25,0,12.69,0,0
2023-03-01 04:20,1,0.32,0,0
2023-03-01 04:15,1,0.89,29,29
2023-03-01 04:10,1,0.83,0,0
2023-03-01 04:05,1,12.72,0,0
2023-03-01 04:00,2,7.13,0,0
2023-03-01 03:55,2,1.81,30,30
2023-03-01 03:50,1,0.27,28,28
2023-03-01 03:45,3,1.55,36,36
2023-03-01 03:40,1,18.12,46,46
2023-03-01 03:35,0,0.30,0,0
2023-03-01 03:30,0,0.37,0,0
2023-03-01 03:25,0,1.38,0,0
2023-03-01 03:20,2,0.19,45,45
2023-03-01 03:15,0,0.76,0,0
2023-03-01 03:10,1,0.32,0,0
2023-03-01 03:05,1,0.98,31,31
